620 290 5368709120
620 620 5368709136
621 11 5368709152
621 130 5368709168
621 149 5368709184
621 160 5368709200
621 180 5368709216
621 231 5368709232
621 277 5368709248
621 278 5368709264
621 284 5368709280
621 301 5368709296
621 377 5368709312
621 401 5368709328
621 518 5368709344
621 781 5368709360
623 86 5368709376
623 129 5368709392
623 611 5368709408
623 623 5368709424
623 791 5368709440
624 13 5368709456
627 62 5368709472
627 86 5368709488
627 184 5368709504
627 189 5368709520
627 333 5368709536
627 420 5368709552
627 473 5368709568
627 513 5368709584
627 549 5368709600
627 627 5368709616
627 667 5368709632
627 707 5368709648
627 809 5368709664
628 628 5368709680
629 316 5368709696
630 630 5368709712
631 631 5368709728
632 397 5368709744
632 632 5368709760
632 719 5368709776
633 633 5368709792
634 634 5368709808
634 635 5368709824
635 2 5368709840
635 4 5368709856
635 63 5368709872
635 126 5368709888
635 137 5368709904
635 208 5368709920
635 285 5368709936
635 286 5368709952
635 520 5368709968
636 636 5368709984
637 637 5368710000
638 10 5368710016
638 12 5368710032
638 44 5368710048
638 46 5368710064
638 55 5368710080
638 81 5368710096
638 124 5368710112
638 126 5368710128
638 158 5368710144
638 169 5368710160
638 210 5368710176
638 300 5368710192
638 329 5368710208
638 338 5368710224
638 340 5368710240
638 355 5368710256
638 356 5368710272
638 480 5368710288
638 589 5368710304
638 638 5368710320
638 639 5368710336
638 640 5368710352
638 896 5368710368
639 639 5368710384
640 97 5368710400
640 98 5368710416
640 100 5368710432
640 114 5368710448
640 124 5368710464
640 185 5368710480
640 371 5368710496
640 404 5368710512
640 640 5368710528
641 1 5368710544
641 82 5368710560
641 106 5368710576
641 160 5368710592
641 163 5368710608
641 166 5368710624
641 282 5368710640
641 301 5368710656
641 333 5368710672
641 371 5368710688
641 420 5368710704
641 541 5368710720
641 641 5368710736
641 669 5368710752
641 748 5368710768
641 946 5368710784
642 16 5368710800
642 21 5368710816
642 42 5368710832
642 106 5368710848
642 121 5368710864
642 212 5368710880
642 419 5368710896
642 642 5368710912
643 48 5368710928
643 49 5368710944
643 50 5368710960
644 5 5368710976
644 6 5368710992
644 64 5368711008
644 115 5368711024
644 166 5368711040
644 180 5368711056
644 269 5368711072
644 296 5368711088
644 349 5368711104
644 489 5368711120
644 528 5368711136
644 644 5368711152
644 950 5368711168
645 156 5368711184
645 231 5368711200
645 645 5368711216
645 697 5368711232
646 646 5368711248
647 21 5368711264
647 93 5368711280
647 221 5368711296
647 256 5368711312
647 420 5368711328
647 458 5368711344
647 647 5368711360
647 685 5368711376
648 648 5368711392
649 121 5368711408
649 246 5368711424
649 421 5368711440
649 452 5368711456
649 466 5368711472
649 649 5368711488
649 729 5368711504
650 215 5368711520
651 2 5368711536
651 118 5368711552
651 173 5368711568
651 254 5368711584
651 272 5368711600
651 301 5368711616
651 420 5368711632
651 434 5368711648
651 511 5368711664
651 546 5368711680
651 624 5368711696
651 651 5368711712
651 950 5368711728
652 108 5368711744
652 163 5368711760
652 329 5368711776
652 333 5368711792
652 419 5368711808
652 478 5368711824
652 513 5368711840
653 653 5368711856
654 25 5368711872
654 50 5368711888
654 105 5368711904
654 121 5368711920
654 783 5368711936
654 789 5368711952
655 28 5368711968
655 35 5368711984
655 37 5368712000
655 114 5368712016
655 149 5368712032
655 151 5368712048
655 167 5368712064
655 171 5368712080
655 172 5368712096
655 183 5368712112
655 223 5368712128
655 231 5368712144
655 261 5368712160
655 280 5368712176
655 301 5368712192
655 367 5368712208
655 419 5368712224
655 427 5368712240
655 438 5368712256
655 458 5368712272
655 470 5368712288
655 655 5368712304
655 980 5368712320
658 658 5368712336
659 659 5368712352
660 660 5368712368
661 7 5368712384
661 8 5368712400
661 11 5368712416
661 12 5368712432
661 13 5368712448
661 19 5368712464
661 44 5368712480
661 87 5368712496
661 121 5368712512
661 141 5368712528
661 161 5368712544
661 211 5368712560
661 247 5368712576
661 249 5368712592
661 264 5368712608
661 265 5368712624
661 267 5368712640
661 293 5368712656
661 362 5368712672
661 420 5368712688
661 440 5368712704
661 441 5368712720
661 459 5368712736
661 502 5368712752
661 505 5368712768
661 510 5368712784
661 549 5368712800
661 569 5368712816
661 570 5368712832
661 661 5368712848
661 666 5368712864
661 700 5368712880
661 707 5368712896
661 754 5368712912
661 823 5368712928
661 856 5368712944
662 62 5368712960
662 84 5368712976
662 86 5368712992
662 100 5368713008
662 107 5368713024
662 166 5368713040
662 282 5368713056
662 323 5368713072
662 366 5368713088
662 371 5368713104
662 404 5368713120
662 494 5368713136
662 618 5368713152
662 662 5368713168
663 68 5368713184
663 80 5368713200
663 81 5368713216
663 375 5368713232
663 460 5368713248
663 551 5368713264
663 663 5368713280
663 679 5368713296
664 93 5368713312
664 515 5368713328
664 664 5368713344
664 694 5368713360
665 2 5368713376
665 3 5368713392
665 4 5368713408
665 6 5368713424
665 55 5368713440
665 58 5368713456
665 63 5368713472
665 121 5368713488
665 137 5368713504
665 142 5368713520
665 174 5368713536
665 175 5368713552
665 212 5368713568
665 254 5368713584
665 272 5368713600
665 303 5368713616
665 411 5368713632
665 412 5368713648
665 665 5368713664
665 685 5368713680
665 812 5368713696
665 859 5368713712
666 7 5368713728
666 11 5368713744
666 12 5368713760
666 19 5368713776
666 62 5368713792
666 86 5368713808
666 141 5368713824
666 161 5368713840
666 267 5368713856
666 362 5368713872
666 367 5368713888
666 441 5368713904
666 452 5368713920
666 566 5368713936
666 661 5368713952
666 666 5368713968
666 823 5368713984
666 856 5368714000
666 951 5368714016
667 6 5368714032
667 37 5368714048
667 69 5368714064
667 81 5368714080
667 105 5368714096
667 128 5368714112
667 161 5368714128
667 184 5368714144
667 480 5368714160
667 509 5368714176
667 549 5368714192
667 550 5368714208
669 420 5368714224
669 615 5368714240
669 669 5368714256
669 930 5368714272
670 670 5368714288
671 69 5368714304
671 80 5368714320
671 81 5368714336
671 106 5368714352
671 187 5368714368
671 329 5368714384
671 356 5368714400
671 375 5368714416
671 411 5368714432
671 582 5368714448
671 690 5368714464
672 365 5368714480
672 430 5368714496
672 506 5368714512
672 672 5368714528
673 495 5368714544
673 673 5368714560
674 7 5368714576
674 9 5368714592
674 12 5368714608
674 19 5368714624
674 141 5368714640
674 265 5368714656
674 267 5368714672
674 430 5368714688
674 504 5368714704
674 506 5368714720
674 510 5368714736
674 558 5368714752
674 565 5368714768
674 569 5368714784
674 661 5368714800
674 674 5368714816
674 707 5368714832
674 754 5368714848
674 823 5368714864
675 675 5368714880
678 48 5368714896
678 68 5368714912
678 92 5368714928
678 274 5368714944
678 311 5368714960
678 480 5368714976
678 509 5368714992
678 549 5368715008
678 627 5368715024
678 678 5368715040
678 747 5368715056
679 13 5368715072
679 80 5368715088
679 81 5368715104
679 137 5368715120
679 375 5368715136
679 482 5368715152
679 508 5368715168
679 663 5368715184
679 679 5368715200
681 5 5368715216
681 12 5368715232
681 123 5368715248
681 133 5368715264
681 157 5368715280
681 160 5368715296
681 180 5368715312
681 191 5368715328
681 214 5368715344
681 284 5368715360
681 342 5368715376
681 343 5368715392
681 345 5368715408
681 350 5368715424
681 352 5368715440
681 681 5368715456
681 682 5368715472
