869 179 7516192768
869 181 7516192784
869 376 7516192800
869 397 7516192816
872 17 7516192832
872 61 7516192848
872 74 7516192864
872 85 7516192880
872 182 7516192896
872 232 7516192912
872 377 7516192928
872 581 7516192944
872 707 7516192960
875 170 7516192976
877 28 7516192992
877 81 7516193008
877 137 7516193024
878 23 7516193040
878 27 7516193056
878 35 7516193072
879 242 7516193088
880 3 7516193104
880 6 7516193120
880 56 7516193136
880 57 7516193152
880 58 7516193168
880 59 7516193184
880 63 7516193200
880 80 7516193216
880 137 7516193232
880 157 7516193248
880 174 7516193264
880 252 7516193280
880 281 7516193296
880 286 7516193312
880 305 7516193328
880 308 7516193344
880 685 7516193360
880 815 7516193376
880 859 7516193392
880 880 7516193408
880 921 7516193424
883 27 7516193440
883 32 7516193456
883 39 7516193472
883 93 7516193488
883 115 7516193504
883 116 7516193520
883 165 7516193536
883 336 7516193552
883 337 7516193568
883 339 7516193584
883 883 7516193600
884 884 7516193616
885 20 7516193632
885 21 7516193648
885 106 7516193664
885 728 7516193680
886 3 7516193696
886 58 7516193712
886 59 7516193728
886 217 7516193744
886 273 7516193760
886 366 7516193776
886 601 7516193792
886 665 7516193808
886 812 7516193824
886 859 7516193840
887 20 7516193856
887 92 7516193872
887 885 7516193888
887 887 7516193904
889 300 7516193920
889 375 7516193936
889 405 7516193952
890 890 7516193968
891 405 7516193984
891 892 7516194000
892 28 7516194016
892 44 7516194032
892 114 7516194048
892 128 7516194064
892 173 7516194080
892 226 7516194096
892 290 7516194112
892 300 7516194128
892 314 7516194144
892 340 7516194160
892 405 7516194176
892 423 7516194192
892 438 7516194208
892 491 7516194224
892 891 7516194240
892 892 7516194256
892 896 7516194272
895 114 7516194288
895 333 7516194304
895 417 7516194320
896 2 7516194336
896 4 7516194352
896 12 7516194368
896 21 7516194384
896 28 7516194400
896 63 7516194416
896 81 7516194432
896 107 7516194448
896 112 7516194464
896 116 7516194480
896 124 7516194496
896 142 7516194512
896 160 7516194528
896 169 7516194544
896 173 7516194560
896 287 7516194576
896 300 7516194592
896 303 7516194608
896 329 7516194624
896 355 7516194640
896 356 7516194656
896 368 7516194672
896 375 7516194688
896 404 7516194704
896 405 7516194720
896 710 7516194736
896 892 7516194752
896 896 7516194768
898 230 7516194784
898 481 7516194800
898 898 7516194816
900 5 7516194832
900 13 7516194848
900 40 7516194864
900 115 7516194880
900 128 7516194896
900 165 7516194912
900 169 7516194928
900 251 7516194944
900 438 7516194960
900 455 7516194976
900 860 7516194992
900 900 7516195008
900 914 7516195024
900 987 7516195040
901 137 7516195056
902 5 7516195072
903 907 7516195088
905 74 7516195104
905 177 7516195120
905 215 7516195136
905 222 7516195152
905 297 7516195168
905 309 7516195184
905 311 7516195200
905 316 7516195216
905 905 7516195232
906 156 7516195248
906 533 7516195264
906 546 7516195280
907 156 7516195296
907 179 7516195312
907 180 7516195328
907 191 7516195344
907 262 7516195360
907 377 7516195376
907 593 7516195392
907 851 7516195408
907 903 7516195424
907 907 7516195440
908 51 7516195456
908 94 7516195472
908 95 7516195488
908 124 7516195504
908 128 7516195520
908 167 7516195536
908 197 7516195552
908 199 7516195568
908 200 7516195584
908 201 7516195600
908 204 7516195616
908 205 7516195632
908 206 7516195648
908 207 7516195664
908 395 7516195680
908 592 7516195696
908 593 7516195712
908 776 7516195728
908 820 7516195744
908 822 7516195760
908 908 7516195776
908 917 7516195792
908 918 7516195808
909 87 7516195824
909 129 7516195840
909 183 7516195856
909 280 7516195872
909 546 7516195888
912 466 7516195904
912 499 7516195920
912 504 7516195936
912 765 7516195952
913 44 7516195968
913 183 7516195984
913 358 7516196000
913 499 7516196016
913 699 7516196032
913 700 7516196048
913 707 7516196064
913 856 7516196080
913 922 7516196096
913 950 7516196112
913 951 7516196128
913 956 7516196144
913 967 7516196160
913 972 7516196176
914 28 7516196192
914 36 7516196208
914 105 7516196224
914 115 7516196240
914 116 7516196256
914 135 7516196272
914 165 7516196288
914 170 7516196304
914 455 7516196320
914 470 7516196336
914 531 7516196352
914 753 7516196368
914 816 7516196384
914 860 7516196400
914 900 7516196416
914 914 7516196432
914 987 7516196448
917 27 7516196464
917 40 7516196480
917 41 7516196496
917 51 7516196512
917 94 7516196528
917 95 7516196544
917 128 7516196560
917 167 7516196576
917 196 7516196592
917 197 7516196608
917 199 7516196624
917 200 7516196640
917 201 7516196656
917 204 7516196672
917 205 7516196688
917 206 7516196704
917 207 7516196720
917 445 7516196736
917 483 7516196752
917 557 7516196768
917 593 7516196784
917 776 7516196800
917 820 7516196816
917 908 7516196832
917 918 7516196848
917 974 7516196864
918 51 7516196880
918 94 7516196896
918 95 7516196912
918 128 7516196928
918 167 7516196944
918 197 7516196960
918 199 7516196976
918 200 7516196992
918 201 7516197008
918 204 7516197024
918 206 7516197040
918 207 7516197056
918 232 7516197072
918 377 7516197088
918 494 7516197104
918 593 7516197120
918 776 7516197136
918 820 7516197152
918 908 7516197168
918 917 7516197184
918 918 7516197200
918 974 7516197216
918 1000 7516197232
919 40 7516197248
919 113 7516197264
919 455 7516197280
919 847 7516197296
919 919 7516197312
920 230 7516197328
921 6 7516197344
921 56 7516197360
921 63 7516197376
921 138 7516197392
921 285 7516197408
921 412 7516197424
921 845 7516197440
921 859 7516197456
921 930 7516197472
922 53 7516197488
922 79 7516197504
922 129 7516197520
922 205 7516197536
922 280 7516197552
922 340 7516197568
922 487 7516197584
922 498 7516197600
922 499 7516197616
922 529 7516197632
922 560 7516197648
922 699 7516197664
922 822 7516197680
922 847 7516197696
922 856 7516197712
922 908 7516197728
922 913 7516197744
922 922 7516197760
922 956 7516197776
923 825 7516197792
923 923 7516197808
924 89 7516197824
924 96 7516197840
924 209 7516197856
924 252 7516197872
924 303 7516197888
924 612 7516197904
925 47 7516197920
925 48 7516197936
925 113 7516197952
925 114 7516197968
925 205 7516197984
925 245 7516198000
925 263 7516198016
925 318 7516198032
925 333 7516198048
925 417 7516198064
925 423 7516198080
925 443 7516198096
925 847 7516198112
925 925 7516198128
925 981 7516198144
926 158 7516198160
926 159 7516198176
926 234 7516198192
926 237 7516198208
926 242 7516198224
926 243 7516198240
926 301 7516198256
926 926 7516198272
926 927 7516198288
926 930 7516198304
926 931 7516198320
926 963 7516198336
927 158 7516198352
927 159 7516198368
927 210 7516198384
927 234 7516198400
927 237 7516198416
927 241 7516198432
927 242 7516198448
927 926 7516198464
927 927 7516198480
927 930 7516198496
927 931 7516198512
927 963 7516198528
929 15 7516198544
929 140 7516198560
929 164 7516198576
929 269 7516198592
929 322 7516198608
929 334 7516198624
929 335 7516198640
929 429 7516198656
929 489 7516198672
929 592 7516198688
929 929 7516198704
929 933 7516198720
