62 2 536870912
62 3 536870928
62 4 536870944
62 7 536870960
62 8 536870976
62 12 536870992
62 15 536871008
62 17 536871024
62 18 536871040
62 19 536871056
62 21 536871072
62 23 536871088
62 28 536871104
62 29 536871120
62 30 536871136
62 35 536871152
62 41 536871168
62 44 536871184
62 45 536871200
62 58 536871216
62 62 536871232
62 63 536871248
62 64 536871264
62 68 536871280
62 70 536871296
62 77 536871312
62 78 536871328
62 79 536871344
62 80 536871360
62 81 536871376
62 82 536871392
62 83 536871408
62 86 536871424
62 87 536871440
62 89 536871456
62 90 536871472
62 98 536871488
62 99 536871504
62 106 536871520
62 107 536871536
62 113 536871552
62 114 536871568
62 115 536871584
62 128 536871600
62 129 536871616
62 131 536871632
62 132 536871648
62 133 536871664
62 134 536871680
62 137 536871696
62 141 536871712
62 142 536871728
62 143 536871744
62 147 536871760
62 151 536871776
62 152 536871792
62 153 536871808
62 158 536871824
62 159 536871840
62 163 536871856
62 164 536871872
62 168 536871888
62 169 536871904
62 170 536871920
62 172 536871936
62 173 536871952
62 174 536871968
62 179 536871984
62 180 536872000
62 183 536872016
62 184 536872032
62 187 536872048
62 188 536872064
62 189 536872080
62 190 536872096
62 201 536872112
62 203 536872128
62 206 536872144
62 209 536872160
62 210 536872176
62 211 536872192
62 212 536872208
62 216 536872224
62 226 536872240
62 230 536872256
62 233 536872272
62 236 536872288
62 237 536872304
62 238 536872320
62 245 536872336
62 249 536872352
62 251 536872368
62 253 536872384
62 254 536872400
62 255 536872416
62 256 536872432
62 258 536872448
62 262 536872464
62 263 536872480
62 269 536872496
62 279 536872512
62 280 536872528
62 281 536872544
62 282 536872560
62 283 536872576
62 285 536872592
62 290 536872608
62 295 536872624
62 296 536872640
62 300 536872656
62 303 536872672
62 306 536872688
62 310 536872704
62 312 536872720
62 314 536872736
62 329 536872752
62 333 536872768
62 338 536872784
62 340 536872800
62 342 536872816
62 355 536872832
62 356 536872848
62 357 536872864
62 362 536872880
62 365 536872896
62 366 536872912
62 367 536872928
62 371 536872944
62 372 536872960
62 375 536872976
62 377 536872992
62 390 536873008
62 393 536873024
62 404 536873040
62 405 536873056
62 410 536873072
62 417 536873088
62 418 536873104
62 419 536873120
62 426 536873136
62 427 536873152
62 430 536873168
62 434 536873184
62 441 536873200
62 445 536873216
62 448 536873232
62 450 536873248
62 453 536873264
62 454 536873280
62 457 536873296
62 458 536873312
62 459 536873328
62 467 536873344
62 474 536873360
62 478 536873376
62 480 536873392
62 493 536873408
62 494 536873424
62 495 536873440
62 498 536873456
62 505 536873472
62 506 536873488
62 509 536873504
62 518 536873520
62 521 536873536
62 531 536873552
62 544 536873568
62 546 536873584
62 554 536873600
62 571 536873616
62 582 536873632
62 586 536873648
62 591 536873664
62 627 536873680
62 662 536873696
62 708 536873712
62 726 536873728
62 730 536873744
62 736 536873760
62 747 536873776
62 748 536873792
62 749 536873808
62 754 536873824
62 769 536873840
62 811 536873856
62 812 536873872
62 820 536873888
62 833 536873904
62 856 536873920
62 859 536873936
63 2 536873952
63 3 536873968
63 4 536873984
63 6 536874000
63 13 536874016
63 16 536874032
63 28 536874048
63 41 536874064
63 44 536874080
63 46 536874096
63 54 536874112
63 55 536874128
63 56 536874144
63 57 536874160
63 58 536874176
63 59 536874192
63 62 536874208
63 63 536874224
63 81 536874240
63 82 536874256
63 87 536874272
63 88 536874288
63 89 536874304
63 107 536874320
63 114 536874336
63 115 536874352
63 121 536874368
63 126 536874384
63 128 536874400
63 129 536874416
63 131 536874432
63 132 536874448
63 137 536874464
63 138 536874480
63 158 536874496
63 160 536874512
63 162 536874528
63 164 536874544
63 169 536874560
63 174 536874576
63 175 536874592
63 183 536874608
63 184 536874624
63 193 536874640
63 194 536874656
63 195 536874672
63 208 536874688
63 209 536874704
63 210 536874720
63 211 536874736
63 212 536874752
63 233 536874768
63 236 536874784
63 239 536874800
63 243 536874816
63 249 536874832
63 252 536874848
63 255 536874864
63 256 536874880
63 269 536874896
63 271 536874912
63 272 536874928
63 278 536874944
63 281 536874960
63 283 536874976
63 285 536874992
63 286 536875008
63 301 536875024
63 303 536875040
63 305 536875056
63 324 536875072
63 329 536875088
63 355 536875104
63 363 536875120
63 365 536875136
63 366 536875152
63 371 536875168
63 379 536875184
63 405 536875200
63 408 536875216
63 411 536875232
63 412 536875248
63 419 536875264
63 420 536875280
63 434 536875296
63 473 536875312
63 481 536875328
63 490 536875344
63 518 536875360
63 520 536875376
63 532 536875392
63 533 536875408
63 552 536875424
63 571 536875440
63 586 536875456
63 625 536875472
63 665 536875488
63 685 536875504
63 718 536875520
63 738 536875536
63 803 536875552
63 809 536875568
63 812 536875584
63 826 536875600
63 832 536875616
63 845 536875632
63 849 536875648
63 854 536875664
63 859 536875680
63 865 536875696
63 880 536875712
63 896 536875728
63 921 536875744
63 971 536875760
64 5 536875776
64 6 536875792
64 11 536875808
64 14 536875824
64 21 536875840
64 24 536875856
64 42 536875872
64 51 536875888
64 61 536875904
64 64 536875920
64 65 536875936
64 68 536875952
64 74 536875968
64 80 536875984
64 87 536876000
64 89 536876016
64 90 536876032
64 91 536876048
64 93 536876064
64 94 536876080
64 95 536876096
64 96 536876112
64 99 536876128
64 103 536876144
64 113 536876160
64 115 536876176
64 116 536876192
64 124 536876208
64 128 536876224
64 133 536876240
64 134 536876256
64 140 536876272
64 141 536876288
64 149 536876304
64 157 536876320
64 165 536876336
64 168 536876352
64 169 536876368
64 170 536876384
64 172 536876400
64 173 536876416
64 183 536876432
64 184 536876448
64 191 536876464
64 196 536876480
64 197 536876496
64 199 536876512
64 201 536876528
64 211 536876544
64 216 536876560
64 222 536876576
64 223 536876592
64 224 536876608
64 229 536876624
64 234 536876640
64 238 536876656
64 244 536876672
64 249 536876688
64 271 536876704
64 280 536876720
64 282 536876736
64 290 536876752
64 292 536876768
64 300 536876784
64 302 536876800
64 305 536876816
64 306 536876832
64 309 536876848
64 323 536876864
64 325 536876880
64 329 536876896
64 349 536876912
64 354 536876928
64 357 536876944
64 367 536876960
64 375 536876976
64 376 536876992
64 379 536877008
64 395 536877024
64 397 536877040
64 405 536877056
64 411 536877072
64 412 536877088
64 417 536877104
64 420 536877120
64 434 536877136
64 438 536877152
64 440 536877168
64 455 536877184
64 458 536877200
64 489 536877216
64 492 536877232
64 506 536877248
64 511 536877264
64 515 536877280
64 523 536877296
64 528 536877312
64 572 536877328
64 601 536877344
64 611 536877360
64 640 536877376
64 644 536877392
64 665 536877408
64 733 536877424
64 771 536877440
64 820 536877456
64 828 536877472
64 840 536877488
64 914 536877504
64 918 536877520
64 926 536877536
64 937 536877552
64 950 536877568
65 0 536877584
65 14 536877600
65 51 536877616
65 53 536877632
65 64 536877648
65 65 536877664
65 92 536877680
65 94 536877696
65 101 536877712
65 107 536877728
65 129 536877744
65 130 536877760
65 133 536877776
65 135 536877792
65 169 536877808
65 172 536877824
65 176 536877840
65 177 536877856
65 178 536877872
65 197 536877888
65 199 536877904
65 200 536877920
65 204 536877936
65 206 536877952
65 231 536877968
65 232 536877984
65 257 536878000
65 264 536878016
65 275 536878032
65 280 536878048
65 282 536878064
65 290 536878080
65 291 536878096
65 294 536878112
65 307 536878128
65 320 536878144
65 324 536878160
65 325 536878176
65 334 536878192
65 352 536878208
65 357 536878224
65 358 536878240
65 362 536878256
65 366 536878272
65 371 536878288
65 380 536878304
65 401 536878320
65 413 536878336
65 425 536878352
65 426 536878368
65 430 536878384
65 434 536878400
65 435 536878416
65 440 536878432
65 450 536878448
65 457 536878464
65 483 536878480
65 486 536878496
65 493 536878512
65 498 536878528
65 515 536878544
65 525 536878560
65 526 536878576
65 533 536878592
65 543 536878608
65 562 536878624
65 568 536878640
65 574 536878656
65 581 536878672
65 600 536878688
65 639 536878704
65 664 536878720
65 714 536878736
65 752 536878752
65 776 536878768
65 791 536878784
65 818 536878800
65 835 536878816
65 840 536878832
65 870 536878848
65 874 536878864
65 910 536878880
65 990 536878896
65 998 536878912
66 48 536878928
66 64 536878944
66 66 536878960
66 67 536878976
66 90 536878992
66 91 536879008
66 96 536879024
66 108 536879040
66 111 536879056
66 112 536879072
66 117 536879088
66 121 536879104
66 146 536879120
66 211 536879136
66 252 536879152
66 329 536879168
66 338 536879184
66 389 536879200
66 469 536879216
66 480 536879232
66 514 536879248
66 560 536879264
66 611 536879280
66 654 536879296
66 661 536879312
66 984 536879328
67 66 536879344
67 74 536879360
67 86 536879376
67 108 536879392
67 160 536879408
67 189 536879424
67 533 536879440
68 16 536879456
68 20 536879472
68 21 536879488
68 62 536879504
68 68 536879520
68 69 536879536
68 80 536879552
68 82 536879568
68 86 536879584
68 106 536879600
68 107 536879616
68 121 536879632
68 142 536879648
68 160 536879664
68 173 536879680
68 183 536879696
68 184 536879712
68 212 536879728
68 220 536879744
68 282 536879760
68 300 536879776
68 301 536879792
68 306 536879808
68 329 536879824
68 357 536879840
68 366 536879856
68 418 536879872
68 420 536879888
68 424 536879904
68 473 536879920
68 474 536879936
68 494 536879952
68 508 536879968
68 509 536879984
68 549 536880000
68 550 536880016
68 663 536880032
68 667 536880048
68 671 536880064
68 679 536880080
69 10 536880096
69 13 536880112
69 64 536880128
69 68 536880144
69 69 536880160
69 80 536880176
69 81 536880192
69 86 536880208
69 87 536880224
69 105 536880240
69 107 536880256
69 108 536880272
69 141 536880288
69 160 536880304
69 173 536880320
69 183 536880336
69 184 536880352
69 189 536880368
69 190 536880384
69 212 536880400
69 216 536880416
69 259 536880432
69 260 536880448
69 282 536880464
69 287 536880480
69 299 536880496
69 306 536880512
69 311 536880528
69 325 536880544
69 329 536880560
69 353 536880576
69 356 536880592
69 362 536880608
69 400 536880624
69 409 536880640
69 418 536880656
69 420 536880672
69 424 536880688
69 434 536880704
69 467 536880720
69 473 536880736
69 477 536880752
69 480 536880768
69 508 536880784
69 509 536880800
69 549 536880816
69 550 536880832
69 551 536880848
69 663 536880864
69 667 536880880
69 671 536880896
69 678 536880912
69 679 536880928
69 710 536880944
69 713 536880960
69 715 536880976
69 747 536880992
69 777 536881008
69 952 536881024
69 958 536881040
70 62 536881056
70 71 536881072
70 83 536881088
70 84 536881104
70 152 536881120
70 180 536881136
70 186 536881152
70 212 536881168
70 288 536881184
70 431 536881200
70 433 536881216
70 494 536881232
71 49 536881248
71 50 536881264
71 70 536881280
71 71 536881296
71 83 536881312
71 84 536881328
71 121 536881344
71 152 536881360
71 162 536881376
71 217 536881392
71 431 536881408
71 432 536881424
71 433 536881440
71 612 536881456
72 20 536881472
72 21 536881488
72 106 536881504
72 163 536881520
72 259 536881536
72 311 536881552
73 0 536881568
73 17 536881584
73 73 536881600
73 74 536881616
73 84 536881632
73 106 536881648
73 116 536881664
73 166 536881680
73 215 536881696
73 221 536881712
73 223 536881728
73 248 536881744
73 259 536881760
73 268 536881776
73 297 536881792
73 309 536881808
73 311 536881824
73 313 536881840
73 316 536881856
73 317 536881872
73 330 536881888
73 331 536881904
73 358 536881920
73 485 536881936
73 498 536881952
73 560 536881968
73 707 536881984
73 756 536882000
73 950 536882016
74 0 536882032
74 1 536882048
74 17 536882064
74 18 536882080
74 20 536882096
74 21 536882112
74 42 536882128
74 62 536882144
74 64 536882160
74 67 536882176
74 73 536882192
74 74 536882208
74 85 536882224
74 86 536882240
74 87 536882256
74 105 536882272
74 106 536882288
74 107 536882304
74 116 536882320
74 120 536882336
74 121 536882352
74 142 536882368
74 152 536882384
74 166 536882400
74 177 536882416
74 187 536882432
74 188 536882448
74 215 536882464
74 218 536882480
74 219 536882496
74 220 536882512
74 221 536882528
74 222 536882544
74 223 536882560
74 224 536882576
74 225 536882592
74 226 536882608
74 227 536882624
74 228 536882640
74 231 536882656
74 248 536882672
74 254 536882688
74 259 536882704
74 260 536882720
74 268 536882736
74 282 536882752
74 297 536882768
74 307 536882784
74 308 536882800
74 309 536882816
74 310 536882832
74 311 536882848
74 312 536882864
74 313 536882880
74 314 536882896
74 316 536882912
74 317 536882928
74 330 536882944
74 331 536882960
74 341 536882976
74 366 536882992
74 400 536883008
74 419 536883024
74 424 536883040
74 438 536883056
74 459 536883072
74 460 536883088
74 468 536883104
74 480 536883120
74 482 536883136
74 485 536883152
74 498 536883168
74 513 536883184
74 537 536883200
74 549 536883216
74 560 536883232
74 690 536883248
74 745 536883264
74 756 536883280
74 764 536883296
74 872 536883312
74 950 536883328
75 36 536883344
75 40 536883360
75 48 536883376
75 75 536883392
75 76 536883408
75 96 536883424
75 135 536883440
75 253 536883456
75 261 536883472
75 339 536883488
75 367 536883504
75 372 536883520
75 427 536883536
75 437 536883552
75 470 536883568
75 494 536883584
75 655 536883600
75 753 536883616
76 47 536883632
76 48 536883648
76 75 536883664
76 76 536883680
76 96 536883696
76 119 536883712
76 139 536883728
76 245 536883744
76 263 536883760
76 333 536883776
76 417 536883792
76 423 536883808
76 444 536883824
76 455 536883840
76 485 536883856
77 62 536883872
77 78 536883888
77 79 536883904
77 105 536883920
77 107 536883936
77 121 536883952
77 166 536883968
77 212 536883984
77 445 536884000
77 497 536884016
77 531 536884032
77 539 536884048
77 557 536884064
77 581 536884080
77 811 536884096
77 932 536884112
77 950 536884128
79 13 536884144
79 14 536884160
79 47 536884176
79 51 536884192
79 62 536884208
79 77 536884224
79 78 536884240
79 79 536884256
79 107 536884272
79 116 536884288
79 120 536884304
79 128 536884320
79 133 536884336
79 152 536884352
79 160 536884368
79 162 536884384
79 165 536884400
79 166 536884416
79 219 536884432
79 226 536884448
79 282 536884464
79 339 536884480
79 340 536884496
79 417 536884512
79 419 536884528
79 420 536884544
79 445 536884560
79 482 536884576
79 497 536884592
79 531 536884608
79 539 536884624
79 557 536884640
79 581 536884656
79 601 536884672
79 811 536884688
80 16 536884704
80 20 536884720
80 21 536884736
80 28 536884752
80 62 536884768
80 68 536884784
80 80 536884800
80 81 536884816
80 82 536884832
80 92 536884848
80 96 536884864
80 105 536884880
80 106 536884896
80 107 536884912
80 112 536884928
80 114 536884944
80 121 536884960
80 128 536884976
80 129 536884992
80 137 536885008
80 142 536885024
80 169 536885040
80 174 536885056
80 183 536885072
80 184 536885088
80 187 536885104
80 189 536885120
80 222 536885136
80 230 536885152
80 243 536885168
80 256 536885184
80 271 536885200
80 282 536885216
80 286 536885232
80 287 536885248
80 299 536885264
80 329 536885280
80 340 536885296
80 356 536885312
80 357 536885328
80 367 536885344
80 375 536885360
80 384 536885376
80 395 536885392
80 431 536885408
80 459 536885424
80 460 536885440
80 473 536885456
80 474 536885472
80 480 536885488
80 490 536885504
80 508 536885520
80 663 536885536
80 679 536885552
80 815 536885568
80 866 536885584
80 880 536885600
80 950 536885616
81 3 536885632
81 16 536885648
81 20 536885664
81 21 536885680
81 28 536885696
81 42 536885712
81 44 536885728
81 46 536885744
81 62 536885760
81 63 536885776
81 69 536885792
81 80 536885808
81 81 536885824
81 82 536885840
81 86 536885856
81 87 536885872
81 105 536885888
81 106 536885904
81 107 536885920
81 108 536885936
81 114 536885952
81 121 536885968
81 128 536885984
81 129 536886000
81 137 536886016
81 142 536886032
81 145 536886048
81 155 536886064
81 160 536886080
81 161 536886096
81 162 536886112
81 166 536886128
81 169 536886144
81 170 536886160
81 183 536886176
81 184 536886192
81 188 536886208
81 189 536886224
81 211 536886240
81 212 536886256
81 215 536886272
81 222 536886288
81 225 536886304
81 249 536886320
81 256 536886336
81 283 536886352
81 299 536886368
81 301 536886384
81 303 536886400
81 329 536886416
81 356 536886432
81 357 536886448
81 362 536886464
81 363 536886480
81 365 536886496
81 375 536886512
81 400 536886528
81 405 536886544
81 412 536886560
81 418 536886576
81 419 536886592
81 420 536886608
81 424 536886624
81 434 536886640
81 460 536886656
81 467 536886672
81 473 536886688
81 478 536886704
81 486 536886720
81 490 536886736
81 494 536886752
81 508 536886768
81 509 536886784
81 518 536886800
81 533 536886816
81 544 536886832
81 549 536886848
81 550 536886864
81 569 536886880
81 607 536886896
81 663 536886912
81 667 536886928
81 671 536886944
81 679 536886960
81 685 536886976
81 710 536886992
81 911 536887008
81 932 536887024
81 952 536887040
82 1 536887056
82 4 536887072
82 5 536887088
82 10 536887104
82 12 536887120
82 17 536887136
82 18 536887152
82 20 536887168
82 21 536887184
82 23 536887200
82 27 536887216
82 28 536887232
82 30 536887248
82 31 536887264
82 36 536887280
82 41 536887296
82 44 536887312
82 46 536887328
82 50 536887344
82 51 536887360
82 53 536887376
82 58 536887392
82 62 536887408
82 63 536887424
82 68 536887440
82 74 536887456
82 77 536887472
82 78 536887488
82 80 536887504
82 81 536887520
82 82 536887536
82 83 536887552
82 84 536887568
82 86 536887584
82 87 536887600
82 93 536887616
82 96 536887632
82 99 536887648
82 104 536887664
82 105 536887680
82 106 536887696
82 107 536887712
82 114 536887728
82 115 536887744
82 116 536887760
82 121 536887776
82 123 536887792
82 124 536887808
82 127 536887824
82 128 536887840
82 129 536887856
82 130 536887872
82 131 536887888
82 132 536887904
82 133 536887920
82 137 536887936
82 142 536887952
82 143 536887968
82 145 536887984
82 147 536888000
82 150 536888016
82 151 536888032
82 152 536888048
82 153 536888064
82 154 536888080
82 158 536888096
82 160 536888112
82 161 536888128
82 163 536888144
82 165 536888160
82 166 536888176
82 168 536888192
82 169 536888208
82 170 536888224
82 172 536888240
82 173 536888256
82 179 536888272
82 180 536888288
82 183 536888304
82 184 536888320
82 186 536888336
82 187 536888352
82 188 536888368
82 189 536888384
82 190 536888400
82 191 536888416
82 199 536888432
82 201 536888448
82 203 536888464
82 209 536888480
82 210 536888496
82 211 536888512
82 212 536888528
82 214 536888544
82 215 536888560
82 219 536888576
82 221 536888592
82 222 536888608
82 225 536888624
82 226 536888640
82 227 536888656
82 228 536888672
82 230 536888688
82 233 536888704
82 234 536888720
82 236 536888736
82 245 536888752
82 249 536888768
82 252 536888784
82 255 536888800
82 256 536888816
82 261 536888832
82 263 536888848
82 269 536888864
82 277 536888880
82 278 536888896
82 279 536888912
82 280 536888928
82 281 536888944
82 282 536888960
82 283 536888976
82 285 536888992
82 287 536889008
82 290 536889024
82 292 536889040
82 295 536889056
82 296 536889072
82 303 536889088
82 304 536889104
82 310 536889120
82 314 536889136
82 318 536889152
82 325 536889168
82 326 536889184
82 327 536889200
82 329 536889216
82 333 536889232
82 337 536889248
82 338 536889264
82 340 536889280
82 345 536889296
82 353 536889312
82 355 536889328
82 356 536889344
82 357 536889360
82 362 536889376
82 365 536889392
82 366 536889408
82 367 536889424
82 368 536889440
82 371 536889456
82 372 536889472
82 373 536889488
82 376 536889504
82 377 536889520
82 385 536889536
82 393 536889552
82 395 536889568
82 401 536889584
82 404 536889600
82 410 536889616
82 419 536889632
82 420 536889648
82 422 536889664
82 424 536889680
82 426 536889696
82 427 536889712
82 438 536889728
82 441 536889744
82 445 536889760
82 453 536889776
82 454 536889792
82 458 536889808
82 462 536889824
82 464 536889840
82 468 536889856
82 474 536889872
82 486 536889888
82 489 536889904
82 490 536889920
82 493 536889936
82 494 536889952
82 495 536889968
82 508 536889984
82 509 536890000
82 518 536890016
82 526 536890032
82 531 536890048
82 540 536890064
82 541 536890080
82 543 536890096
82 544 536890112
82 546 536890128
82 548 536890144
82 549 536890160
82 550 536890176
82 552 536890192
82 555 536890208
82 563 536890224
82 567 536890240
82 568 536890256
82 576 536890272
82 594 536890288
82 601 536890304
82 612 536890320
82 641 536890336
82 642 536890352
82 647 536890368
82 681 536890384
82 693 536890400
82 708 536890416
82 730 536890432
82 739 536890448
82 740 536890464
82 747 536890480
82 748 536890496
82 752 536890512
82 767 536890528
82 782 536890544
82 783 536890560
82 820 536890576
82 853 536890592
82 854 536890608
82 856 536890624
82 859 536890640
82 932 536890656
82 963 536890672
83 13 536890688
83 20 536890704
83 23 536890720
83 41 536890736
83 44 536890752
83 46 536890768
83 62 536890784
83 63 536890800
83 71 536890816
83 81 536890832
83 82 536890848
83 83 536890864
83 84 536890880
83 86 536890896
83 87 536890912
83 96 536890928
83 101 536890944
83 105 536890960
83 106 536890976
83 107 536890992
83 113 536891008
83 114 536891024
83 115 536891040
83 118 536891056
83 121 536891072
83 128 536891088
83 133 536891104
83 140 536891120
83 141 536891136
83 142 536891152
83 143 536891168
83 147 536891184
83 152 536891200
83 153 536891216
83 154 536891232
83 160 536891248
83 162 536891264
83 163 536891280
83 166 536891296
83 168 536891312
83 173 536891328
83 180 536891344
83 186 536891360
83 191 536891376
83 199 536891392
83 203 536891408
83 209 536891424
83 211 536891440
83 212 536891456
83 214 536891472
83 221 536891488
83 233 536891504
83 236 536891520
83 243 536891536
83 249 536891552
83 253 536891568
83 255 536891584
83 256 536891600
83 259 536891616
83 269 536891632
83 273 536891648
83 278 536891664
83 280 536891680
83 282 536891696
83 283 536891712
83 285 536891728
83 288 536891744
83 290 536891760
83 292 536891776
83 296 536891792
83 308 536891808
83 318 536891824
83 329 536891840
83 333 536891856
83 340 536891872
83 355 536891888
83 365 536891904
83 366 536891920
83 368 536891936
83 372 536891952
83 373 536891968
83 393 536891984
83 395 536892000
83 420 536892016
83 424 536892032
83 431 536892048
83 433 536892064
83 450 536892080
83 453 536892096
83 458 536892112
83 465 536892128
83 474 536892144
83 478 536892160
83 481 536892176
83 484 536892192
83 492 536892208
83 494 536892224
83 495 536892240
83 496 536892256
83 513 536892272
83 518 536892288
83 533 536892304
83 546 536892320
83 557 536892336
83 579 536892352
83 586 536892368
83 594 536892384
83 601 536892400
83 612 536892416
83 615 536892432
83 642 536892448
83 654 536892464
83 693 536892480
83 747 536892496
83 812 536892512
83 820 536892528
83 856 536892544
83 932 536892560
83 963 536892576
84 1 536892592
84 13 536892608
84 18 536892624
84 30 536892640
84 31 536892656
84 37 536892672
84 39 536892688
84 48 536892704
84 49 536892720
84 50 536892736
84 57 536892752
84 58 536892768
84 62 536892784
84 70 536892800
84 71 536892816
84 73 536892832
84 75 536892848
84 77 536892864
84 82 536892880
84 83 536892896
84 84 536892912
84 86 536892928
84 87 536892944
84 105 536892960
84 107 536892976
84 110 536892992
84 111 536893008
84 112 536893024
84 113 536893040
84 115 536893056
84 118 536893072
84 119 536893088
84 121 536893104
84 127 536893120
84 134 536893136
84 142 536893152
84 144 536893168
84 152 536893184
84 160 536893200
84 162 536893216
84 166 536893232
84 174 536893248
84 180 536893264
84 209 536893280
84 210 536893296
84 211 536893312
84 217 536893328
84 229 536893344
84 233 536893360
84 235 536893376
84 243 536893392
84 244 536893408
84 249 536893424
84 250 536893440
84 252 536893456
84 253 536893472
84 254 536893488
84 268 536893504
84 269 536893520
84 270 536893536
84 272 536893552
84 282 536893568
84 288 536893584
84 295 536893600
84 305 536893616
84 317 536893632
84 318 536893648
84 323 536893664
84 326 536893680
84 336 536893696
84 338 536893712
84 366 536893728
84 372 536893744
84 373 536893760
84 393 536893776
84 399 536893792
84 404 536893808
84 411 536893824
84 419 536893840
84 422 536893856
84 425 536893872
84 431 536893888
84 432 536893904
84 433 536893920
84 441 536893936
84 442 536893952
84 443 536893968
84 444 536893984
84 453 536894000
84 454 536894016
84 467 536894032
84 471 536894048
84 474 536894064
84 478 536894080
84 485 536894096
84 487 536894112
84 492 536894128
84 493 536894144
84 494 536894160
84 510 536894176
84 513 536894192
84 533 536894208
84 544 536894224
84 546 536894240
84 549 536894256
84 553 536894272
84 555 536894288
84 558 536894304
84 560 536894320
84 582 536894336
84 585 536894352
84 594 536894368
84 598 536894384
84 601 536894400
84 612 536894416
84 615 536894432
84 623 536894448
84 624 536894464
84 649 536894480
84 654 536894496
84 662 536894512
84 664 536894528
84 715 536894544
84 727 536894560
84 729 536894576
84 752 536894592
84 754 536894608
84 780 536894624
84 811 536894640
84 835 536894656
85 1 536894672
85 17 536894688
85 18 536894704
85 41 536894720
85 51 536894736
85 74 536894752
85 85 536894768
85 86 536894784
85 142 536894800
85 146 536894816
85 151 536894832
85 160 536894848
85 221 536894864
85 226 536894880
85 307 536894896
85 309 536894912
85 310 536894928
85 312 536894944
85 313 536894960
85 314 536894976
85 317 536894992
85 370 536895008
85 443 536895024
85 467 536895040
85 758 536895056
85 778 536895072
85 820 536895088
85 872 536895104
86 7 536895120
86 8 536895136
86 10 536895152
86 12 536895168
86 14 536895184
86 18 536895200
86 19 536895216
86 20 536895232
86 21 536895248
86 23 536895264
86 28 536895280
86 30 536895296
86 31 536895312
86 33 536895328
86 35 536895344
86 36 536895360
86 37 536895376
86 38 536895392
86 41 536895408
86 42 536895424
86 44 536895440
86 47 536895456
86 55 536895472
86 58 536895488
86 62 536895504
86 65 536895520
86 67 536895536
86 68 536895552
86 69 536895568
86 70 536895584
86 74 536895600
86 79 536895616
86 81 536895632
86 82 536895648
86 83 536895664
86 84 536895680
86 85 536895696
86 86 536895712
86 87 536895728
86 90 536895744
86 92 536895760
86 94 536895776
86 95 536895792
86 96 536895808
86 98 536895824
86 100 536895840
86 103 536895856
86 105 536895872
86 106 536895888
86 107 536895904
86 113 536895920
86 114 536895936
86 115 536895952
86 117 536895968
86 121 536895984
86 125 536896000
86 128 536896016
86 129 536896032
86 131 536896048
86 132 536896064
86 138 536896080
86 141 536896096
86 142 536896112
86 143 536896128
86 145 536896144
86 151 536896160
86 152 536896176
86 153 536896192
86 154 536896208
86 163 536896224
86 166 536896240
86 170 536896256
86 172 536896272
86 177 536896288
86 180 536896304
86 184 536896320
86 189 536896336
86 190 536896352
86 191 536896368
86 196 536896384
86 197 536896400
86 201 536896416
86 203 536896432
86 205 536896448
86 206 536896464
86 210 536896480
86 212 536896496
86 215 536896512
86 218 536896528
86 222 536896544
86 223 536896560
86 225 536896576
86 226 536896592
86 229 536896608
86 236 536896624
86 238 536896640
86 251 536896656
86 256 536896672
86 259 536896688
86 261 536896704
86 263 536896720
86 264 536896736
86 271 536896752
86 274 536896768
86 280 536896784
86 283 536896800
86 285 536896816
86 290 536896832
86 295 536896848
86 297 536896864
86 304 536896880
86 306 536896896
86 310 536896912
86 318 536896928
86 326 536896944
86 328 536896960
86 340 536896976
86 353 536896992
86 362 536897008
86 366 536897024
86 368 536897040
86 372 536897056
86 373 536897072
86 377 536897088
86 392 536897104
86 393 536897120
86 395 536897136
86 400 536897152
86 404 536897168
86 415 536897184
86 417 536897200
86 421 536897216
86 424 536897232
86 425 536897248
86 426 536897264
86 427 536897280
86 430 536897296
86 438 536897312
86 444 536897328
86 445 536897344
86 450 536897360
86 453 536897376
86 457 536897392
86 458 536897408
86 459 536897424
86 466 536897440
86 470 536897456
86 480 536897472
86 484 536897488
86 485 536897504
86 494 536897520
86 498 536897536
86 504 536897552
86 506 536897568
86 508 536897584
86 510 536897600
86 518 536897616
86 521 536897632
86 525 536897648
86 526 536897664
86 531 536897680
86 533 536897696
86 536 536897712
86 540 536897728
86 546 536897744
86 553 536897760
86 563 536897776
86 572 536897792
86 573 536897808
86 584 536897824
86 586 536897840
86 590 536897856
86 593 536897872
86 598 536897888
86 601 536897904
86 611 536897920
86 620 536897936
86 623 536897952
86 627 536897968
86 662 536897984
86 666 536898000
86 681 536898016
86 686 536898032
86 687 536898048
86 690 536898064
86 706 536898080
86 707 536898096
86 708 536898112
86 714 536898128
86 720 536898144
86 736 536898160
86 747 536898176
86 753 536898192
86 756 536898208
86 765 536898224
86 820 536898240
86 822 536898256
86 840 536898272
86 855 536898288
86 932 536898304
86 936 536898320
86 963 536898336
87 13 536898352
87 17 536898368
87 20 536898384
87 21 536898400
87 23 536898416
87 28 536898432
87 41 536898448
87 42 536898464
87 45 536898480
87 49 536898496
87 50 536898512
87 58 536898528
87 74 536898544
87 77 536898560
87 81 536898576
87 82 536898592
87 83 536898608
87 84 536898624
87 87 536898640
87 105 536898656
87 106 536898672
87 107 536898688
87 115 536898704
87 128 536898720
87 129 536898736
87 131 536898752
87 132 536898768
87 137 536898784
87 145 536898800
87 152 536898816
87 153 536898832
87 154 536898848
87 155 536898864
87 160 536898880
87 161 536898896
87 163 536898912
87 166 536898928
87 173 536898944
87 180 536898960
87 183 536898976
87 187 536898992
87 189 536899008
87 190 536899024
87 208 536899040
87 210 536899056
87 211 536899072
87 212 536899088
87 215 536899104
87 222 536899120
87 223 536899136
87 227 536899152
87 233 536899168
87 236 536899184
87 243 536899200
87 249 536899216
87 252 536899232
87 253 536899248
87 255 536899264
87 256 536899280
87 258 536899296
87 269 536899312
87 280 536899328
87 282 536899344
87 283 536899360
87 290 536899376
87 296 536899392
87 300 536899408
87 303 536899424
87 304 536899440
87 325 536899456
87 326 536899472
87 329 536899488
87 333 536899504
87 351 536899520
87 353 536899536
87 363 536899552
87 365 536899568
87 371 536899584
87 393 536899600
87 404 536899616
87 412 536899632
87 419 536899648
87 422 536899664
87 424 536899680
87 426 536899696
87 427 536899712
87 434 536899728
87 438 536899744
87 441 536899760
87 448 536899776
87 453 536899792
87 459 536899808
87 473 536899824
87 474 536899840
87 484 536899856
87 490 536899872
87 493 536899888
87 495 536899904
87 506 536899920
87 509 536899936
87 513 536899952
87 518 536899968
87 533 536899984
87 543 536900000
87 545 536900016
87 546 536900032
87 547 536900048
87 552 536900064
87 607 536900080
87 615 536900096
87 626 536900112
87 642 536900128
87 643 536900144
87 654 536900160
87 661 536900176
87 665 536900192
87 812 536900208
87 820 536900224
87 828 536900240
87 856 536900256
87 859 536900272
87 909 536900288
87 954 536900304
87 963 536900320
87 974 536900336
88 0 536900352
88 88 536900368
88 89 536900384
88 96 536900400
88 129 536900416
88 137 536900432
88 149 536900448
88 183 536900464
88 210 536900480
88 252 536900496
88 271 536900512
88 285 536900528
88 302 536900544
88 303 536900560
88 304 536900576
88 369 536900592
88 806 536900608
88 809 536900624
88 810 536900640
88 924 536900656
89 2 536900672
89 3 536900688
89 4 536900704
89 10 536900720
89 54 536900736
89 57 536900752
89 58 536900768
89 59 536900784
89 62 536900800
89 63 536900816
89 64 536900832
89 76 536900848
89 88 536900864
89 89 536900880
89 91 536900896
89 96 536900912
89 114 536900928
89 136 536900944
89 159 536900960
89 165 536900976
89 169 536900992
89 183 536901008
89 211 536901024
89 215 536901040
89 252 536901056
89 271 536901072
89 285 536901088
89 301 536901104
89 302 536901120
89 303 536901136
89 304 536901152
89 305 536901168
89 333 536901184
89 375 536901200
89 408 536901216
89 411 536901232
89 412 536901248
89 423 536901264
89 434 536901280
89 437 536901296
89 438 536901312
89 469 536901328
89 474 536901344
89 515 536901360
89 520 536901376
89 552 536901392
89 806 536901408
89 809 536901424
89 845 536901440
89 919 536901456
89 924 536901472
89 925 536901488
89 933 536901504
90 11 536901520
90 13 536901536
90 62 536901552
90 66 536901568
90 86 536901584
90 90 536901600
90 91 536901616
90 106 536901632
90 107 536901648
90 108 536901664
90 143 536901680
90 183 536901696
90 220 536901712
90 328 536901728
90 329 536901744
90 409 536901760
90 425 536901776
90 459 536901792
90 469 536901808
90 474 536901824
90 477 536901840
90 478 536901856
91 11 536901872
91 64 536901888
91 66 536901904
91 89 536901920
91 90 536901936
91 91 536901952
91 96 536901968
91 107 536901984
91 108 536902000
91 110 536902016
91 143 536902032
91 160 536902048
91 183 536902064
91 212 536902080
91 258 536902096
91 306 536902112
91 328 536902128
91 329 536902144
91 356 536902160
91 357 536902176
91 375 536902192
91 419 536902208
91 469 536902224
91 474 536902240
91 477 536902256
91 478 536902272
91 514 536902288
91 758 536902304
91 989 536902320
92 11 536902336
92 20 536902352
92 21 536902368
92 22 536902384
92 65 536902400
92 68 536902416
92 72 536902432
92 80 536902448
92 86 536902464
92 92 536902480
92 96 536902496
92 100 536902512
92 105 536902528
92 127 536902544
92 137 536902560
92 152 536902576
92 160 536902592
92 173 536902608
92 238 536902624
92 259 536902640
92 260 536902656
92 287 536902672
92 326 536902688
92 336 536902704
92 373 536902720
92 400 536902736
92 426 536902752
92 498 536902768
92 513 536902784
92 520 536902800
92 530 536902816
92 538 536902832
92 678 536902848
92 685 536902864
92 723 536902880
92 728 536902896
92 815 536902912
92 818 536902928
92 887 536902944
93 14 536902960
93 16 536902976
93 25 536902992
93 27 536903008
93 28 536903024
93 29 536903040
93 30 536903056
93 32 536903072
93 36 536903088
93 39 536903104
93 40 536903120
93 41 536903136
93 51 536903152
93 62 536903168
93 64 536903184
93 78 536903200
93 86 536903216
93 93 536903232
93 95 536903248
93 108 536903264
93 114 536903280
93 116 536903296
93 121 536903312
93 128 536903328
93 129 536903344
93 133 536903360
93 135 536903376
93 136 536903392
93 143 536903408
93 165 536903424
93 168 536903440
93 169 536903456
93 171 536903472
93 172 536903488
93 183 536903504
93 197 536903520
93 201 536903536
93 204 536903552
93 205 536903568
93 260 536903584
93 261 536903600
93 280 536903616
93 291 536903632
93 301 536903648
93 306 536903664
93 336 536903680
93 337 536903696
93 361 536903712
93 367 536903728
93 399 536903744
93 407 536903760
93 413 536903776
93 417 536903792
93 424 536903808
93 426 536903824
93 438 536903840
93 443 536903856
93 450 536903872
93 458 536903888
93 464 536903904
93 473 536903920
93 482 536903936
93 493 536903952
93 494 536903968
93 513 536903984
93 515 536904000
93 526 536904016
93 543 536904032
93 545 536904048
93 563 536904064
93 576 536904080
93 647 536904096
93 714 536904112
93 789 536904128
93 883 536904144
93 940 536904160
94 41 536904176
94 86 536904192
94 94 536904208
94 95 536904224
94 120 536904240
94 128 536904256
94 177 536904272
94 199 536904288
94 200 536904304
94 201 536904320
94 204 536904336
94 205 536904352
94 206 536904368
94 207 536904384
94 214 536904400
94 218 536904416
94 294 536904432
94 320 536904448
94 342 536904464
94 351 536904480
94 377 536904496
94 440 536904512
94 483 536904528
94 486 536904544
94 494 536904560
94 533 536904576
94 593 536904592
94 776 536904608
94 820 536904624
94 908 536904640
94 917 536904656
94 918 536904672
94 955 536904688
94 974 536904704
95 6 536904720
95 13 536904736
95 41 536904752
95 51 536904768
95 60 536904784
95 61 536904800
95 64 536904816
95 93 536904832
95 94 536904848
95 95 536904864
95 122 536904880
95 123 536904896
95 128 536904912
95 129 536904928
95 143 536904944
95 167 536904960
95 183 536904976
95 196 536904992
95 197 536905008
95 199 536905024
95 200 536905040
95 201 536905056
95 203 536905072
95 204 536905088
95 205 536905104
95 206 536905120
95 207 536905136
95 214 536905152
95 218 536905168
95 232 536905184
95 280 536905200
95 309 536905216
95 351 536905232
95 377 536905248
95 593 536905264
95 776 536905280
95 820 536905296
95 908 536905312
95 917 536905328
95 918 536905344
96 4 536905360
96 6 536905376
96 10 536905392
96 13 536905408
96 20 536905424
96 21 536905440
96 23 536905456
96 24 536905472
96 28 536905488
96 31 536905504
96 46 536905520
96 47 536905536
96 48 536905552
96 56 536905568
96 57 536905584
96 58 536905600
96 59 536905616
96 64 536905632
96 66 536905648
96 76 536905664
96 80 536905680
96 86 536905696
96 88 536905712
96 89 536905728
96 91 536905744
96 92 536905760
96 96 536905776
96 100 536905792
96 101 536905808
96 107 536905824
96 113 536905840
96 114 536905856
96 115 536905872
96 116 536905888
96 119 536905904
96 121 536905920
96 123 536905936
96 131 536905952
96 135 536905968
96 136 536905984
96 151 536906000
96 160 536906016
96 165 536906032
96 169 536906048
96 170 536906064
96 173 536906080
96 209 536906096
96 211 536906112
96 234 536906128
96 236 536906144
96 242 536906160
96 245 536906176
96 251 536906192
96 252 536906208
96 259 536906224
96 261 536906240
96 263 536906256
96 285 536906272
96 302 536906288
96 303 536906304
96 304 536906320
96 318 536906336
96 325 536906352
96 326 536906368
96 327 536906384
96 329 536906400
96 333 536906416
96 336 536906432
96 337 536906448
96 338 536906464
96 339 536906480
96 340 536906496
96 361 536906512
96 367 536906528
96 369 536906544
96 370 536906560
96 375 536906576
96 400 536906592
96 408 536906608
96 411 536906624
96 417 536906640
96 423 536906656
96 427 536906672
96 437 536906688
96 438 536906704
96 439 536906720
96 442 536906736
96 444 536906752
96 455 536906768
96 469 536906784
96 470 536906800
96 474 536906816
96 481 536906832
96 591 536906848
96 604 536906864
96 610 536906880
96 619 536906896
96 655 536906912
96 725 536906928
96 728 536906944
96 816 536906960
96 842 536906976
96 847 536906992
96 866 536907008
96 867 536907024
96 881 536907040
96 924 536907056
97 5 536907072
97 97 536907088
97 98 536907104
97 99 536907120
97 100 536907136
97 101 536907152
97 102 536907168
97 124 536907184
97 125 536907200
97 185 536907216
97 300 536907232
97 323 536907248
97 335 536907264
97 353 536907280
97 354 536907296
97 371 536907312
97 404 536907328
97 434 536907344
97 533 536907360
97 618 536907376
97 640 536907392
97 662 536907408
97 708 536907424
97 768 536907440
98 62 536907456
98 64 536907472
98 86 536907488
98 97 536907504
98 98 536907520
98 99 536907536
98 100 536907552
98 107 536907568
98 124 536907584
98 125 536907600
98 155 536907616
98 323 536907632
98 353 536907648
98 371 536907664
98 404 536907680
98 708 536907696
98 932 536907712
99 62 536907728
99 82 536907744
99 97 536907760
99 98 536907776
99 99 536907792
99 100 536907808
99 101 536907824
99 107 536907840
99 124 536907856
99 139 536907872
99 173 536907888
99 323 536907904
99 353 536907920
99 371 536907936
99 404 536907952
99 424 536907968
99 640 536907984
99 768 536908000
99 937 536908016
100 5 536908032
100 51 536908048
100 62 536908064
100 86 536908080
100 92 536908096
100 96 536908112
100 97 536908128
100 98 536908144
100 99 536908160
100 100 536908176
100 101 536908192
100 102 536908208
100 107 536908224
100 117 536908240
100 124 536908256
100 125 536908272
100 142 536908288
100 185 536908304
100 262 536908320
100 301 536908336
100 323 536908352
100 353 536908368
100 354 536908384
100 371 536908400
100 404 536908416
100 424 536908432
100 429 536908448
100 434 536908464
100 494 536908480
100 618 536908496
100 640 536908512
100 662 536908528
100 687 536908544
100 708 536908560
100 768 536908576
100 820 536908592
100 935 536908608
100 937 536908624
101 65 536908640
101 83 536908656
101 96 536908672
101 97 536908688
101 98 536908704
101 100 536908720
101 101 536908736
101 120 536908752
101 124 536908768
101 125 536908784
101 131 536908800
101 155 536908816
101 211 536908832
101 323 536908848
101 353 536908864
101 371 536908880
101 380 536908896
101 404 536908912
101 419 536908928
101 581 536908944
101 768 536908960
102 2 536908976
102 3 536908992
102 5 536909008
102 6 536909024
102 64 536909040
102 97 536909056
102 98 536909072
102 100 536909088
102 101 536909104
102 102 536909120
102 192 536909136
102 300 536909152
102 323 536909168
102 405 536909184
102 411 536909200
102 412 536909216
102 516 536909232
102 517 536909248
102 743 536909264
102 812 536909280
102 832 536909296
103 0 536909312
103 60 536909328
103 61 536909344
103 86 536909360
103 103 536909376
103 104 536909392
103 150 536909408
103 162 536909424
103 179 536909440
103 182 536909456
103 215 536909472
103 232 536909488
103 250 536909504
103 283 536909520
103 295 536909536
103 296 536909552
103 320 536909568
103 321 536909584
103 352 536909600
103 368 536909616
103 377 536909632
103 378 536909648
103 385 536909664
103 389 536909680
103 390 536909696
103 392 536909712
103 393 536909728
103 394 536909744
103 395 536909760
103 526 536909776
103 546 536909792
103 582 536909808
103 741 536909824
104 18 536909840
104 61 536909856
104 103 536909872
104 104 536909888
104 179 536909904
104 181 536909920
104 250 536909936
104 295 536909952
104 320 536909968
104 321 536909984
104 368 536910000
104 377 536910016
104 388 536910032
104 389 536910048
104 393 536910064
104 394 536910080
105 5 536910096
105 10 536910112
105 16 536910128
105 17 536910144
105 21 536910160
105 28 536910176
105 41 536910192
105 42 536910208
105 44 536910224
105 48 536910240
105 58 536910256
105 64 536910272
105 80 536910288
105 81 536910304
105 82 536910320
105 83 536910336
105 86 536910352
105 87 536910368
105 92 536910384
105 105 536910400
105 106 536910416
105 114 536910432
105 115 536910448
105 121 536910464
105 128 536910480
105 129 536910496
105 142 536910512
105 145 536910528
105 147 536910544
105 152 536910560
105 153 536910576
105 154 536910592
105 155 536910608
105 158 536910624
105 160 536910640
105 161 536910656
105 163 536910672
105 166 536910688
105 169 536910704
105 170 536910720
105 180 536910736
105 183 536910752
105 184 536910768
105 199 536910784
105 203 536910800
105 212 536910816
105 215 536910832
105 226 536910848
105 233 536910864
105 236 536910880
105 242 536910896
105 243 536910912
105 249 536910928
105 252 536910944
105 255 536910960
105 256 536910976
105 269 536910992
105 280 536911008
105 281 536911024
105 282 536911040
105 283 536911056
105 285 536911072
105 303 536911088
105 326 536911104
105 329 536911120
105 333 536911136
105 346 536911152
105 347 536911168
105 351 536911184
105 355 536911200
105 357 536911216
105 358 536911232
105 360 536911248
105 362 536911264
105 363 536911280
105 366 536911296
105 367 536911312
105 371 536911328
105 375 536911344
105 384 536911360
105 393 536911376
105 400 536911392
105 404 536911408
105 405 536911424
105 412 536911440
105 419 536911456
105 420 536911472
105 422 536911488
105 424 536911504
105 427 536911520
105 431 536911536
105 434 536911552
105 441 536911568
105 450 536911584
105 453 536911600
105 473 536911616
105 474 536911632
105 492 536911648
105 493 536911664
105 495 536911680
105 508 536911696
105 509 536911712
105 518 536911728
105 533 536911744
105 543 536911760
105 544 536911776
105 546 536911792
105 550 536911808
105 569 536911824
105 589 536911840
105 601 536911856
105 607 536911872
105 612 536911888
105 654 536911904
105 667 536911920
105 748 536911936
105 771 536911952
105 820 536911968
105 859 536911984
106 1 536912000
106 5 536912016
106 11 536912032
106 16 536912048
106 17 536912064
106 20 536912080
106 21 536912096
106 28 536912112
106 42 536912128
106 44 536912144
106 46 536912160
106 62 536912176
106 64 536912192
106 68 536912208
106 73 536912224
106 74 536912240
106 80 536912256
106 81 536912272
106 83 536912288
106 87 536912304
106 106 536912320
106 107 536912336
106 114 536912352
106 129 536912368
106 132 536912384
106 142 536912400
106 145 536912416
106 147 536912432
106 155 536912448
106 160 536912464
106 169 536912480
106 183 536912496
106 184 536912512
106 187 536912528
106 188 536912544
106 189 536912560
106 190 536912576
106 211 536912592
106 212 536912608
106 221 536912624
106 222 536912640
106 223 536912656
106 226 536912672
106 230 536912688
106 249 536912704
106 255 536912720
106 256 536912736
106 259 536912752
106 268 536912768
106 279 536912784
106 280 536912800
106 282 536912816
106 283 536912832
106 287 536912848
106 295 536912864
106 298 536912880
106 300 536912896
106 303 536912912
106 311 536912928
106 314 536912944
106 329 536912960
106 340 536912976
106 355 536912992
106 356 536913008
106 357 536913024
106 358 536913040
106 365 536913056
106 371 536913072
106 372 536913088
106 373 536913104
106 405 536913120
106 419 536913136
106 420 536913152
106 424 536913168
106 434 536913184
106 454 536913200
106 459 536913216
106 462 536913232
106 467 536913248
106 473 536913264
106 490 536913280
106 495 536913296
106 518 536913312
106 546 536913328
106 548 536913344
106 549 536913360
106 550 536913376
106 551 536913392
106 560 536913408
106 582 536913424
106 589 536913440
106 607 536913456
106 641 536913472
106 642 536913488
106 671 536913504
106 690 536913520
106 717 536913536
106 756 536913552
106 771 536913568
106 820 536913584
106 828 536913600
106 885 536913616
107 2 536913632
107 3 536913648
107 4 536913664
107 8 536913680
107 16 536913696
107 17 536913712
107 18 536913728
107 19 536913744
107 21 536913760
107 23 536913776
107 28 536913792
107 31 536913808
107 35 536913824
107 36 536913840
107 41 536913856
107 44 536913872
107 45 536913888
107 46 536913904
107 57 536913920
107 58 536913936
107 62 536913952
107 63 536913968
107 64 536913984
107 68 536914000
107 69 536914016
107 70 536914032
107 74 536914048
107 77 536914064
107 78 536914080
107 79 536914096
107 80 536914112
107 81 536914128
107 82 536914144
107 83 536914160
107 86 536914176
107 87 536914192
107 89 536914208
107 91 536914224
107 96 536914240
107 98 536914256
107 99 536914272
107 100 536914288
107 106 536914304
107 107 536914320
107 113 536914336
107 114 536914352
107 115 536914368
107 124 536914384
107 127 536914400
107 128 536914416
107 129 536914432
107 131 536914448
107 132 536914464
107 133 536914480
107 137 536914496
107 139 536914512
107 142 536914528
107 147 536914544
107 152 536914560
107 153 536914576
107 158 536914592
107 161 536914608
107 162 536914624
107 163 536914640
107 164 536914656
107 165 536914672
107 166 536914688
107 169 536914704
107 170 536914720
107 172 536914736
107 173 536914752
107 174 536914768
107 179 536914784
107 180 536914800
107 183 536914816
107 184 536914832
107 187 536914848
107 201 536914864
107 206 536914880
107 207 536914896
107 209 536914912
107 210 536914928
107 211 536914944
107 212 536914960
107 214 536914976
107 216 536914992
107 221 536915008
107 222 536915024
107 226 536915040
107 230 536915056
107 233 536915072
107 236 536915088
107 237 536915104
107 249 536915120
107 252 536915136
107 253 536915152
107 254 536915168
107 255 536915184
107 256 536915200
107 258 536915216
107 269 536915232
107 279 536915248
107 280 536915264
107 281 536915280
107 282 536915296
107 283 536915312
107 284 536915328
107 285 536915344
107 290 536915360
107 295 536915376
107 296 536915392
107 300 536915408
107 303 536915424
107 306 536915440
107 314 536915456
107 318 536915472
107 319 536915488
107 326 536915504
107 327 536915520
107 329 536915536
107 333 536915552
107 338 536915568
107 340 536915584
107 343 536915600
107 355 536915616
107 356 536915632
107 357 536915648
107 361 536915664
107 362 536915680
107 366 536915696
107 367 536915712
107 371 536915728
107 372 536915744
107 375 536915760
107 393 536915776
107 395 536915792
107 400 536915808
107 401 536915824
107 404 536915840
107 405 536915856
107 410 536915872
107 417 536915888
107 418 536915904
107 420 536915920
107 427 536915936
107 428 536915952
107 429 536915968
107 430 536915984
107 434 536916000
107 438 536916016
107 441 536916032
107 448 536916048
107 450 536916064
107 453 536916080
107 459 536916096
107 467 536916112
107 468 536916128
107 474 536916144
107 478 536916160
107 480 536916176
107 481 536916192
107 489 536916208
107 490 536916224
107 493 536916240
107 494 536916256
107 495 536916272
107 506 536916288
107 509 536916304
107 518 536916320
107 531 536916336
107 532 536916352
107 541 536916368
107 544 536916384
107 550 536916400
107 568 536916416
107 589 536916432
107 591 536916448
107 597 536916464
107 642 536916480
107 662 536916496
107 665 536916512
107 671 536916528
107 687 536916544
107 690 536916560
107 702 536916576
107 704 536916592
107 708 536916608
107 726 536916624
107 730 536916640
107 736 536916656
107 747 536916672
107 748 536916688
107 769 536916704
107 809 536916720
107 820 536916736
107 828 536916752
107 834 536916768
107 837 536916784
107 856 536916800
107 859 536916816
107 896 536916832
107 932 536916848
107 954 536916864
107 963 536916880
108 64 536916896
108 66 536916912
108 67 536916928
108 69 536916944
108 81 536916960
108 90 536916976
108 91 536916992
108 93 536917008
108 108 536917024
108 109 536917040
108 110 536917056
108 111 536917072
108 112 536917088
108 143 536917104
108 155 536917120
108 183 536917136
108 190 536917152
108 258 536917168
108 290 536917184
108 300 536917200
108 301 536917216
108 328 536917232
108 329 536917248
108 356 536917264
108 357 536917280
108 375 536917296
108 409 536917312
108 420 536917328
108 469 536917344
108 473 536917360
108 474 536917376
108 476 536917392
108 477 536917408
108 478 536917424
108 509 536917440
108 514 536917456
108 652 536917472
109 51 536917488
109 62 536917504
109 108 536917520
109 366 536917536
110 91 536917552
110 108 536917568
110 110 536917584
110 111 536917600
110 121 536917616
110 474 536917632
111 108 536917648
112 91 536917664
112 108 536917680
112 112 536917696
112 356 536917712
112 357 536917728
112 368 536917744
112 375 536917760
112 469 536917776
113 23 536917792
113 26 536917808
113 28 536917824
113 32 536917840
113 36 536917856
113 40 536917872
113 41 536917888
113 47 536917904
113 48 536917920
113 51 536917936
113 62 536917952
113 76 536917968
113 84 536917984
113 86 536918000
113 96 536918016
113 106 536918032
113 107 536918048
113 113 536918064
113 114 536918080
113 115 536918096
113 116 536918112
113 133 536918128
113 151 536918144
113 160 536918160
113 165 536918176
113 168 536918192
113 169 536918208
113 171 536918224
113 176 536918240
113 177 536918256
113 183 536918272
113 220 536918288
113 245 536918304
113 250 536918320
113 263 536918336
113 280 536918352
113 301 536918368
113 318 536918384
113 329 536918400
113 333 536918416
113 338 536918432
113 339 536918448
113 361 536918464
113 367 536918480
113 417 536918496
113 419 536918512
113 423 536918528
113 426 536918544
113 434 536918560
113 438 536918576
113 442 536918592
113 443 536918608
113 444 536918624
113 455 536918640
113 473 536918656
113 478 536918672
113 485 536918688
113 486 536918704
113 494 536918720
113 527 536918736
113 543 536918752
113 547 536918768
113 556 536918784
113 725 536918800
113 847 536918816
113 914 536918832
113 919 536918848
113 925 536918864
113 950 536918880
113 976 536918896
113 981 536918912
113 983 536918928
114 2 536918944
114 3 536918960
114 4 536918976
114 21 536918992
114 24 536919008
114 28 536919024
114 30 536919040
114 35 536919056
114 36 536919072
114 39 536919088
114 44 536919104
114 46 536919120
114 47 536919136
114 48 536919152
114 51 536919168
114 62 536919184
114 63 536919200
114 76 536919216
114 78 536919232
114 80 536919248
114 81 536919264
114 82 536919280
114 83 536919296
114 87 536919312
114 89 536919328
114 96 536919344
114 105 536919360
114 106 536919376
114 107 536919392
114 113 536919408
114 114 536919424
114 115 536919440
114 116 536919456
114 121 536919472
114 128 536919488
114 129 536919504
114 133 536919520
114 137 536919536
114 145 536919552
114 152 536919568
114 155 536919584
114 158 536919600
114 160 536919616
114 165 536919632
114 166 536919648
114 168 536919664
114 169 536919680
114 170 536919696
114 171 536919712
114 172 536919728
114 173 536919744
114 183 536919760
114 184 536919776
114 208 536919792
114 210 536919808
114 211 536919824
114 212 536919840
114 220 536919856
114 229 536919872
114 234 536919888
114 245 536919904
114 249 536919920
114 254 536919936
114 255 536919952
114 256 536919968
114 261 536919984
114 263 536920000
114 278 536920016
114 280 536920032
114 283 536920048
114 290 536920064
114 300 536920080
114 303 536920096
114 318 536920112
114 326 536920128
114 329 536920144
114 333 536920160
114 338 536920176
114 339 536920192
114 340 536920208
114 355 536920224
114 356 536920240
114 361 536920256
114 362 536920272
114 363 536920288
114 365 536920304
114 366 536920320
114 367 536920336
114 371 536920352
114 375 536920368
114 405 536920384
114 411 536920400
114 417 536920416
114 419 536920432
114 420 536920448
114 423 536920464
114 426 536920480
114 434 536920496
114 438 536920512
114 442 536920528
114 443 536920544
114 444 536920560
114 455 536920576
114 464 536920592
114 473 536920608
114 485 536920624
114 486 536920640
114 495 536920656
114 527 536920672
114 531 536920688
114 533 536920704
114 547 536920720
114 609 536920736
114 640 536920752
114 655 536920768
114 686 536920784
114 725 536920800
114 767 536920816
114 820 536920832
114 847 536920848
114 892 536920864
114 896 536920880
114 919 536920896
114 925 536920912
114 976 536920928
114 981 536920944
114 983 536920960
115 5 536920976
115 16 536920992
115 23 536921008
115 28 536921024
115 30 536921040
115 31 536921056
115 38 536921072
115 41 536921088
115 42 536921104
115 58 536921120
115 62 536921136
115 63 536921152
115 64 536921168
115 79 536921184
115 82 536921200
115 83 536921216
115 84 536921232
115 87 536921248
115 96 536921264
115 105 536921280
115 107 536921296
115 113 536921312
115 114 536921328
115 115 536921344
115 116 536921360
115 121 536921376
115 123 536921392
115 128 536921408
115 135 536921424
115 136 536921440
115 142 536921456
115 145 536921472
115 152 536921488
115 155 536921504
115 160 536921520
115 163 536921536
115 165 536921552
115 166 536921568
115 169 536921584
115 170 536921600
115 171 536921616
115 172 536921632
115 173 536921648
115 184 536921664
115 208 536921680
115 212 536921696
115 229 536921712
115 232 536921728
115 233 536921744
115 245 536921760
115 249 536921776
115 251 536921792
115 252 536921808
115 261 536921824
115 263 536921840
115 280 536921856
115 283 536921872
115 301 536921888
115 302 536921904
115 318 536921920
115 333 536921936
115 336 536921952
115 337 536921968
115 338 536921984
115 339 536922000
115 340 536922016
115 355 536922032
115 361 536922048
115 363 536922064
115 366 536922080
115 367 536922096
115 373 536922112
115 411 536922128
115 417 536922144
115 420 536922160
115 421 536922176
115 422 536922192
115 424 536922208
115 427 536922224
115 434 536922240
115 436 536922256
115 437 536922272
115 438 536922288
115 439 536922304
115 442 536922320
115 443 536922336
115 453 536922352
115 455 536922368
115 460 536922384
115 486 536922400
115 492 536922416
115 493 536922432
115 494 536922448
115 513 536922464
115 531 536922480
115 533 536922496
115 546 536922512
115 548 536922528
115 612 536922544
115 615 536922560
115 644 536922576
115 753 536922592
115 812 536922608
115 816 536922624
115 820 536922640
115 860 536922656
115 883 536922672
115 900 536922688
115 914 536922704
115 932 536922720
115 978 536922736
115 987 536922752
116 23 536922768
116 27 536922784
116 28 536922800
116 29 536922816
116 30 536922832
116 32 536922848
116 34 536922864
116 35 536922880
116 38 536922896
116 39 536922912
116 40 536922928
116 47 536922944
116 74 536922960
116 79 536922976
116 96 536922992
116 113 536923008
116 114 536923024
116 115 536923040
116 116 536923056
116 118 536923072
116 123 536923088
116 128 536923104
116 129 536923120
116 133 536923136
116 135 536923152
116 136 536923168
116 151 536923184
116 160 536923200
116 165 536923216
116 169 536923232
116 170 536923248
116 171 536923264
116 183 536923280
116 207 536923296
116 245 536923312
116 251 536923328
116 261 536923344
116 263 536923360
116 280 536923376
116 329 536923392
116 336 536923408
116 337 536923424
116 338 536923440
116 339 536923456
116 340 536923472
116 361 536923488
116 367 536923504
116 370 536923520
116 411 536923536
116 417 536923552
116 420 536923568
116 434 536923584
116 437 536923600
116 438 536923616
116 443 536923632
116 455 536923648
116 460 536923664
116 464 536923680
116 470 536923696
116 513 536923712
116 531 536923728
116 548 536923744
116 655 536923760
116 725 536923776
116 753 536923792
116 816 536923808
116 883 536923824
116 914 536923840
116 987 536923856
117 62 536923872
117 100 536923888
117 106 536923904
117 117 536923920
117 118 536923936
117 121 536923952
117 160 536923968
117 170 536923984
117 189 536924000
117 211 536924016
117 223 536924032
117 409 536924048
117 460 536924064
118 13 536924080
118 20 536924096
118 21 536924112
118 51 536924128
118 83 536924144
118 84 536924160
118 116 536924176
118 117 536924192
118 118 536924208
118 121 536924224
118 128 536924240
118 132 536924256
118 183 536924272
118 209 536924288
118 279 536924304
118 300 536924320
118 301 536924336
118 326 536924352
118 387 536924368
118 409 536924384
118 420 536924400
118 495 536924416
118 511 536924432
118 549 536924448
118 597 536924464
118 651 536924480
118 667 536924496
118 748 536924512
118 756 536924528
119 333 536924544
120 0 536924560
120 5 536924576
120 17 536924592
120 18 536924608
120 79 536924624
120 94 536924640
120 101 536924656
120 120 536924672
120 133 536924688
120 218 536924704
120 232 536924720
120 333 536924736
120 377 536924752
120 758 536924768
121 1 536924784
121 4 536924800
121 10 536924816
121 12 536924832
121 13 536924848
121 15 536924864
121 17 536924880
121 18 536924896
121 19 536924912
121 20 536924928
121 21 536924944
121 23 536924960
121 27 536924976
121 28 536924992
121 29 536925008
121 30 536925024
121 31 536925040
121 36 536925056
121 41 536925072
121 44 536925088
121 46 536925104
121 51 536925120
121 58 536925136
121 63 536925152
121 68 536925168
121 71 536925184
121 74 536925200
121 77 536925216
121 78 536925232
121 79 536925248
121 80 536925264
121 81 536925280
121 82 536925296
121 83 536925312
121 84 536925328
121 86 536925344
121 87 536925360
121 88 536925376
121 93 536925392
121 96 536925408
121 99 536925424
121 105 536925440
121 107 536925456
121 110 536925472
121 114 536925488
121 115 536925504
121 116 536925520
121 117 536925536
121 118 536925552
121 121 536925568
121 125 536925584
121 127 536925600
121 128 536925616
121 129 536925632
121 130 536925648
121 131 536925664
121 132 536925680
121 137 536925696
121 142 536925712
121 143 536925728
121 144 536925744
121 145 536925760
121 147 536925776
121 151 536925792
121 152 536925808
121 153 536925824
121 154 536925840
121 158 536925856
121 160 536925872
121 163 536925888
121 165 536925904
121 166 536925920
121 168 536925936
121 169 536925952
121 172 536925968
121 173 536925984
121 174 536926000
121 179 536926016
121 180 536926032
121 183 536926048
121 184 536926064
121 186 536926080
121 187 536926096
121 189 536926112
121 190 536926128
121 191 536926144
121 203 536926160
121 208 536926176
121 209 536926192
121 210 536926208
121 211 536926224
121 212 536926240
121 215 536926256
121 217 536926272
121 219 536926288
121 221 536926304
121 222 536926320
121 223 536926336
121 226 536926352
121 228 536926368
121 230 536926384
121 232 536926400
121 233 536926416
121 234 536926432
121 236 536926448
121 242 536926464
121 245 536926480
121 249 536926496
121 252 536926512
121 253 536926528
121 254 536926544
121 255 536926560
121 256 536926576
121 261 536926592
121 263 536926608
121 269 536926624
121 278 536926640
121 280 536926656
121 281 536926672
121 282 536926688
121 283 536926704
121 285 536926720
121 288 536926736
121 290 536926752
121 296 536926768
121 300 536926784
121 301 536926800
121 303 536926816
121 306 536926832
121 308 536926848
121 316 536926864
121 318 536926880
121 324 536926896
121 326 536926912
121 329 536926928
121 333 536926944
121 338 536926960
121 340 536926976
121 345 536926992
121 353 536927008
121 355 536927024
121 356 536927040
121 357 536927056
121 362 536927072
121 363 536927088
121 365 536927104
121 366 536927120
121 367 536927136
121 368 536927152
121 371 536927168
121 372 536927184
121 373 536927200
121 393 536927216
121 395 536927232
121 401 536927248
121 404 536927264
121 411 536927280
121 419 536927296
121 420 536927312
121 423 536927328
121 424 536927344
121 425 536927360
121 426 536927376
121 427 536927392
121 432 536927408
121 433 536927424
121 434 536927440
121 438 536927456
121 441 536927472
121 453 536927488
121 458 536927504
121 462 536927520
121 468 536927536
121 473 536927552
121 474 536927568
121 480 536927584
121 489 536927600
121 490 536927616
121 492 536927632
121 493 536927648
121 494 536927664
121 495 536927680
121 513 536927696
121 518 536927712
121 520 536927728
121 526 536927744
121 531 536927760
121 533 536927776
121 540 536927792
121 543 536927808
121 544 536927824
121 546 536927840
121 548 536927856
121 550 536927872
121 552 536927888
121 568 536927904
121 594 536927920
121 601 536927936
121 612 536927952
121 615 536927968
121 642 536927984
121 647 536928000
121 649 536928016
121 651 536928032
121 654 536928048
121 661 536928064
121 693 536928080
121 714 536928096
121 719 536928112
121 726 536928128
121 747 536928144
121 748 536928160
121 752 536928176
121 759 536928192
121 767 536928208
121 792 536928224
121 796 536928240
121 820 536928256
121 856 536928272
121 859 536928288
121 890 536928304
121 963 536928320
122 60 536928336
122 95 536928352
122 103 536928368
122 122 536928384
122 123 536928400
122 130 536928416
122 150 536928432
122 156 536928448
122 167 536928464
122 168 536928480
122 179 536928496
122 180 536928512
122 191 536928528
122 231 536928544
122 347 536928560
122 351 536928576
122 376 536928592
122 397 536928608
122 411 536928624
122 468 536928640
122 515 536928656
122 656 536928672
123 31 536928688
123 41 536928704
123 61 536928720
123 95 536928736
123 96 536928752
123 103 536928768
123 115 536928784
123 116 536928800
123 122 536928816
123 123 536928832
123 165 536928848
123 169 536928864
123 170 536928880
123 172 536928896
123 180 536928912
123 251 536928928
123 275 536928944
123 302 536928960
123 337 536928976
123 338 536928992
123 339 536929008
123 411 536929024
123 420 536929040
123 438 536929056
123 450 536929072
123 455 536929088
123 681 536929104
123 900 536929120
123 987 536929136
