0 0 0
0 1 16
0 5 32
0 6 48
0 17 64
0 18 80
0 64 96
0 73 112
0 74 128
0 88 144
0 101 160
0 103 176
0 146 192
0 148 208
0 166 224
0 177 240
0 178 256
0 215 272
0 218 288
0 221 304
0 222 320
0 223 336
0 226 352
0 238 368
0 248 384
0 250 400
0 266 416
0 268 432
0 283 448
0 297 464
0 309 480
0 313 496
0 316 512
0 368 528
0 377 544
0 380 560
0 459 576
0 498 592
0 560 608
0 581 624
0 734 640
1 1 656
2 2 672
2 3 688
2 4 704
2 5 720
2 6 736
2 13 752
2 54 768
2 55 784
2 56 800
2 57 816
2 58 832
2 59 848
2 63 864
2 64 880
2 86 896
2 89 912
2 96 928
2 102 944
2 107 960
2 131 976
2 132 992
2 137 1008
2 138 1024
2 140 1040
2 158 1056
2 160 1072
2 162 1088
2 174 1104
2 192 1120
2 193 1136
2 194 1152
2 195 1168
2 208 1184
2 211 1200
2 238 1216
2 249 1232
2 252 1248
2 271 1264
2 273 1280
2 281 1296
2 283 1312
2 285 1328
2 286 1344
2 300 1360
2 305 1376
2 308 1392
2 323 1408
2 333 1424
2 405 1440
2 408 1456
2 409 1472
2 411 1488
2 412 1504
2 434 1520
2 481 1536
2 489 1552
2 506 1568
2 516 1584
2 517 1600
2 520 1616
2 546 1632
2 571 1648
2 586 1664
2 587 1680
2 612 1696
2 665 1712
2 685 1728
2 698 1744
2 738 1760
2 803 1776
2 809 1792
2 812 1808
2 826 1824
2 832 1840
2 845 1856
2 859 1872
2 865 1888
2 880 1904
2 886 1920
2 896 1936
2 899 1952
2 971 1968
2 990 1984
2 1001 2000
3 2 2016
3 3 2032
3 4 2048
3 6 2064
3 46 2080
3 56 2096
3 57 2112
3 58 2128
3 59 2144
3 62 2160
3 63 2176
3 89 2192
3 102 2208
3 107 2224
3 128 2240
3 137 2256
3 158 2272
3 174 2288
3 175 2304
3 183 2320
3 192 2336
3 193 2352
3 194 2368
3 195 2384
3 208 2400
3 210 2416
3 211 2432
3 236 2448
3 239 2464
3 252 2480
3 256 2496
3 271 2512
3 281 2528
3 286 2544
3 303 2560
3 323 2576
3 371 2592
3 405 2608
3 408 2624
3 411 2640
3 412 2656
3 434 2672
3 473 2688
3 520 2704
3 571 2720
3 601 2736
3 665 2752
3 685 2768
3 812 2784
3 832 2800
3 845 2816
3 859 2832
3 880 2848
3 971 2864
3 990 2880
3 1001 2896
4 2 2912
4 3 2928
4 4 2944
4 6 2960
4 13 2976
4 54 2992
4 55 3008
4 56 3024
4 57 3040
4 58 3056
4 59 3072
4 62 3088
4 63 3104
4 81 3120
4 82 3136
4 89 3152
4 96 3168
4 102 3184
4 107 3200
4 114 3216
4 121 3232
4 126 3248
4 131 3264
4 137 3280
4 138 3296
4 142 3312
4 145 3328
4 158 3344
4 160 3360
4 162 3376
4 166 3392
4 169 3408
4 170 3424
4 174 3440
4 183 3456
4 192 3472
4 193 3488
4 194 3504
4 195 3520
4 208 3536
4 211 3552
4 239 3568
4 252 3584
4 256 3600
4 271 3616
4 281 3632
4 282 3648
4 283 3664
4 285 3680
4 286 3696
4 301 3712
4 305 3728
4 323 3744
4 360 3760
4 405 3776
4 408 3792
4 411 3808
4 412 3824
4 424 3840
4 425 3856
4 430 3872
4 434 3888
4 481 3904
4 520 3920
4 532 3936
4 533 3952
4 552 3968
4 571 3984
4 586 4000
4 587 4016
4 612 4032
4 625 4048
4 665 4064
4 685 4080
4 698 4096
4 712 4112
4 738 4128
4 803 4144
4 809 4160
4 812 4176
4 826 4192
4 832 4208
4 845 4224
4 859 4240
4 880 4256
4 896 4272
4 971 4288
4 990 4304
4 1001 4320
5 0 4336
5 2 4352
5 5 4368
5 6 4384
5 7 4400
5 11 4416
5 21 4432
5 24 4448
5 29 4464
5 34 4480
5 35 4496
5 41 4512
5 42 4528
5 47 4544
5 53 4560
5 55 4576
5 57 4592
5 58 4608
5 59 4624
5 63 4640
5 64 4656
5 74 4672
5 76 4688
5 82 4704
5 89 4720
5 96 4736
5 97 4752
5 99 4768
5 100 4784
5 105 4800
5 106 4816
5 115 4832
5 117 4848
5 120 4864
5 125 4880
5 128 4896
5 132 4912
5 133 4928
5 134 4944
5 135 4960
5 140 4976
5 141 4992
5 154 5008
5 157 5024
5 169 5040
5 170 5056
5 171 5072
5 183 5088
5 184 5104
5 189 5120
5 191 5136
5 192 5152
5 194 5168
5 195 5184
5 198 5200
5 201 5216
5 207 5232
5 209 5248
5 211 5264
5 215 5280
5 218 5296
5 230 5312
5 232 5328
5 235 5344
5 236 5360
5 237 5376
5 242 5392
5 243 5408
5 249 5424
5 252 5440
5 255 5456
5 261 5472
5 269 5488
5 271 5504
5 272 5520
5 279 5536
5 281 5552
5 283 5568
5 284 5584
5 285 5600
5 286 5616
5 291 5632
5 302 5648
5 303 5664
5 305 5680
5 306 5696
5 308 5712
5 309 5728
5 312 5744
5 318 5760
5 323 5776
5 325 5792
5 327 5808
5 333 5824
5 337 5840
5 346 5856
5 357 5872
5 362 5888
5 375 5904
5 379 5920
5 405 5936
5 408 5952
5 411 5968
5 417 5984
5 420 6000
5 423 6016
5 430 6032
5 437 6048
5 440 6064
5 445 6080
5 450 6096
5 455 6112
5 458 6128
5 462 6144
5 464 6160
5 466 6176
5 469 6192
5 481 6208
5 489 6224
5 492 6240
5 495 6256
5 496 6272
5 511 6288
5 516 6304
5 517 6320
5 527 6336
5 528 6352
5 557 6368
5 572 6384
5 581 6400
5 611 6416
5 644 6432
5 669 6448
5 690 6464
5 716 6480
5 718 6496
5 726 6512
5 728 6528
5 730 6544
5 738 6560
5 763 6576
5 789 6592
5 807 6608
5 809 6624
5 815 6640
5 820 6656
5 828 6672
5 833 6688
5 840 6704
5 859 6720
5 868 6736
5 900 6752
5 902 6768
5 931 6784
5 980 6800
5 990 6816
6 0 6832
6 2 6848
6 3 6864
6 4 6880
6 5 6896
6 6 6912
6 21 6928
6 54 6944
6 55 6960
6 56 6976
6 57 6992
6 58 7008
6 59 7024
6 63 7040
6 64 7056
6 79 7072
6 89 7088
6 96 7104
6 102 7120
6 126 7136
6 128 7152
6 132 7168
6 134 7184
6 137 7200
6 139 7216
6 140 7232
6 141 7248
6 149 7264
6 157 7280
6 168 7296
6 169 7312
6 170 7328
6 181 7344
6 183 7360
6 184 7376
6 191 7392
6 193 7408
6 194 7424
6 195 7440
6 204 7456
6 206 7472
6 211 7488
6 232 7504
6 234 7520
6 237 7536
6 252 7552
6 272 7568
6 275 7584
6 281 7600
6 284 7616
6 285 7632
6 290 7648
6 296 7664
6 299 7680
6 305 7696
6 308 7712
6 316 7728
6 323 7744
6 327 7760
6 337 7776
6 346 7792
6 349 7808
6 362 7824
6 375 7840
6 376 7856
6 377 7872
6 379 7888
6 389 7904
6 397 7920
6 408 7936
6 411 7952
6 412 7968
6 418 7984
6 426 8000
6 429 8016
6 430 8032
6 438 8048
6 440 8064
6 458 8080
6 473 8096
6 481 8112
6 486 8128
6 489 8144
6 515 8160
6 516 8176
6 517 8192
6 520 8208
6 528 8224
6 544 8240
6 549 8256
6 552 8272
6 562 8288
6 563 8304
6 571 8320
6 587 8336
6 644 8352
6 665 8368
6 667 8384
6 685 8400
6 738 8416
6 751 8432
6 826 8448
6 845 8464
6 859 8480
6 880 8496
6 921 8512
6 949 8528
6 994 8544
6 1001 8560
7 5 8576
7 7 8592
7 8 8608
7 11 8624
7 12 8640
7 19 8656
7 44 8672
7 62 8688
7 86 8704
7 112 8720
7 141 8736
7 161 8752
7 212 8768
7 213 8784
7 222 8800
7 246 8816
7 247 8832
7 249 8848
7 264 8864
7 324 8880
7 332 8896
7 358 8912
7 359 8928
7 360 8944
7 362 8960
7 365 8976
7 374 8992
7 406 9008
7 407 9024
7 420 9040
7 421 9056
7 430 9072
7 451 9088
7 452 9104
7 466 9120
7 498 9136
7 499 9152
7 500 9168
7 502 9184
7 504 9200
7 506 9216
7 510 9232
7 511 9248
7 525 9264
7 529 9280
7 537 9296
7 546 9312
7 555 9328
7 566 9344
7 569 9360
7 570 9376
7 573 9392
7 608 9408
7 661 9424
7 666 9440
7 672 9456
7 700 9472
7 707 9488
7 720 9504
7 754 9520
7 765 9536
7 823 9552
7 833 9568
7 856 9584
7 913 9600
7 922 9616
7 956 9632
8 7 9648
8 8 9664
8 9 9680
8 11 9696
8 12 9712
8 44 9728
8 86 9744
8 141 9760
8 160 9776
8 213 9792
8 301 9808
8 358 9824
8 441 9840
8 466 9856
8 498 9872
8 499 9888
8 504 9904
8 510 9920
8 525 9936
8 566 9952
8 569 9968
8 570 9984
8 573 10000
8 661 10016
8 672 10032
8 823 10048
8 856 10064
8 950 10080
9 8 10096
9 9 10112
9 19 10128
9 44 10144
9 213 10160
9 264 10176
9 265 10192
9 266 10208
9 332 10224
9 358 10240
9 359 10256
9 406 10272
9 421 10288
9 452 10304
9 498 10320
9 499 10336
9 500 10352
9 502 10368
9 506 10384
9 529 10400
9 558 10416
9 565 10432
9 569 10448
9 573 10464
9 661 10480
9 674 10496
9 699 10512
9 707 10528
9 720 10544
9 754 10560
9 765 10576
9 823 10592
9 957 10608
10 11 10624
10 13 10640
10 20 10656
10 21 10672
10 25 10688
10 36 10704
10 64 10720
10 69 10736
10 82 10752
10 86 10768
10 96 10784
10 105 10800
10 121 10816
10 134 10832
10 143 10848
10 173 10864
10 256 10880
10 260 10896
10 282 10912
10 306 10928
10 324 10944
10 325 10960
10 326 10976
10 327 10992
10 329 11008
10 339 11024
10 340 11040
10 366 11056
10 405 11072
10 434 11088
10 508 11104
10 535 11120
10 728 11136
10 777 11152
11 7 11168
11 8 11184
11 10 11200
11 11 11216
11 12 11232
11 20 11248
11 21 11264
11 22 11280
11 44 11296
11 64 11312
11 90 11328
11 91 11344
11 92 11360
11 106 11376
11 128 11392
11 129 11408
11 133 11424
11 141 11440
11 159 11456
11 161 11472
11 183 11488
11 209 11504
11 211 11520
11 213 11536
11 233 11552
11 240 11568
11 247 11584
11 265 11600
11 266 11616
11 270 11632
11 293 11648
11 300 11664
11 324 11680
11 327 11696
11 358 11712
11 359 11728
11 360 11744
11 362 11760
11 365 11776
11 400 11792
11 406 11808
11 420 11824
11 421 11840
11 430 11856
11 434 11872
11 441 11888
11 452 11904
11 466 11920
11 496 11936
11 498 11952
11 502 11968
11 504 11984
11 506 12000
11 518 12016
11 525 12032
11 529 12048
11 530 12064
11 555 12080
11 566 12096
11 573 12112
11 602 12128
11 608 12144
11 611 12160
11 621 12176
11 661 12192
11 666 12208
11 699 12224
11 700 12240
11 720 12256
11 754 12272
11 804 12288
11 956 12304
12 7 12320
12 8 12336
12 11 12352
12 12 12368
12 13 12384
12 14 12400
12 19 12416
12 44 12432
12 62 12448
12 82 12464
12 86 12480
12 121 12496
12 141 12512
12 160 12528
12 161 12544
12 183 12560
12 213 12576
12 247 12592
12 264 12608
12 265 12624
12 266 12640
12 267 12656
12 293 12672
12 358 12688
12 362 12704
12 365 12720
12 420 12736
12 430 12752
12 441 12768
12 452 12784
12 466 12800
12 498 12816
12 510 12832
12 560 12848
12 565 12864
12 569 12880
12 570 12896
12 573 12912
12 638 12928
12 661 12944
12 666 12960
12 674 12976
12 681 12992
12 700 13008
12 707 13024
12 739 13040
12 823 13056
12 856 13072
12 957 13088
12 996 13104
13 2 13120
13 4 13136
13 10 13152
13 13 13168
13 15 13184
13 19 13200
13 21 13216
13 23 13232
13 25 13248
13 26 13264
13 27 13280
13 29 13296
13 30 13312
13 32 13328
13 33 13344
13 35 13360
13 36 13376
13 38 13392
13 39 13408
13 40 13424
13 47 13440
13 51 13456
13 53 13472
13 56 13488
13 63 13504
13 65 13520
13 69 13536
13 78 13552
13 79 13568
13 83 13584
13 90 13600
13 93 13616
13 94 13632
13 95 13648
13 96 13664
13 98 13680
13 108 13696
13 113 13712
13 114 13728
13 118 13744
13 126 13760
13 128 13776
13 129 13792
13 130 13808
13 135 13824
13 137 13840
13 145 13856
13 146 13872
13 147 13888
13 156 13904
13 164 13920
13 165 13936
13 167 13952
13 168 13968
13 170 13984
13 171 14000
13 172 14016
13 177 14032
13 179 14048
13 183 14064
13 184 14080
13 190 14096
13 191 14112
13 197 14128
13 199 14144
13 207 14160
13 209 14176
13 210 14192
13 211 14208
13 214 14224
13 236 14240
13 238 14256
13 239 14272
13 242 14288
13 244 14304
13 255 14320
13 263 14336
13 266 14352
13 271 14368
13 272 14384
13 273 14400
13 278 14416
13 280 14432
13 281 14448
13 285 14464
13 286 14480
13 290 14496
13 297 14512
13 301 14528
13 302 14544
13 303 14560
13 304 14576
13 305 14592
13 306 14608
13 318 14624
13 322 14640
13 325 14656
13 326 14672
13 327 14688
13 329 14704
13 333 14720
13 336 14736
13 337 14752
13 339 14768
13 340 14784
13 342 14800
13 343 14816
13 346 14832
13 349 14848
13 350 14864
13 351 14880
13 352 14896
13 356 14912
13 357 14928
13 361 14944
13 371 14960
13 375 14976
13 390 14992
13 409 15008
13 413 15024
13 418 15040
13 420 15056
13 421 15072
13 423 15088
13 440 15104
13 443 15120
13 444 15136
13 445 15152
13 446 15168
13 450 15184
13 458 15200
13 461 15216
13 476 15232
13 478 15248
13 481 15264
13 483 15280
13 484 15296
13 489 15312
13 497 15328
13 506 15344
13 509 15360
13 514 15376
13 515 15392
13 520 15408
13 526 15424
13 535 15440
13 550 15456
13 552 15472
13 576 15488
13 579 15504
13 581 15520
13 588 15536
13 590 15552
13 624 15568
13 655 15584
13 661 15600
13 667 15616
13 679 15632
13 685 15648
13 698 15664
13 730 15680
13 748 15696
13 767 15712
13 771 15728
13 785 15744
13 809 15760
13 812 15776
13 820 15792
13 840 15808
13 900 15824
13 949 15840
13 980 15856
14 12 15872
14 14 15888
14 18 15904
14 47 15920
14 51 15936
14 53 15952
14 61 15968
14 64 15984
14 65 16000
14 79 16016
14 85 16032
14 86 16048
14 93 16064
14 103 16080
14 128 16096
14 129 16112
14 130 16128
14 133 16144
14 141 16160
14 167 16176
14 168 16192
14 172 16208
14 178 16224
14 181 16240
14 196 16256
14 203 16272
14 205 16288
14 206 16304
14 221 16320
14 226 16336
14 231 16352
14 232 16368
14 256 16384
14 270 16400
14 277 16416
14 280 16432
14 283 16448
14 284 16464
14 289 16480
14 290 16496
14 291 16512
14 292 16528
14 312 16544
14 339 16560
14 368 16576
14 380 16592
14 389 16608
14 390 16624
14 394 16640
14 403 16656
14 419 16672
14 426 16688
14 430 16704
14 434 16720
14 440 16736
14 450 16752
14 465 16768
14 482 16784
14 486 16800
14 493 16816
14 498 16832
14 515 16848
14 523 16864
14 526 16880
14 537 16896
14 556 16912
14 562 16928
14 593 16944
14 706 16960
14 776 16976
14 797 16992
14 918 17008
14 922 17024
15 15 17040
15 16 17056
15 45 17072
15 46 17088
15 62 17104
15 82 17120
15 128 17136
15 139 17152
15 140 17168
15 160 17184
15 162 17200
15 164 17216
15 174 17232
15 183 17248
15 216 17264
15 269 17280
15 272 17296
15 274 17312
15 285 17328
15 303 17344
15 322 17360
15 334 17376
15 335 17392
15 353 17408
15 362 17424
15 404 17440
15 420 17456
15 428 17472
15 429 17488
15 446 17504
15 447 17520
15 448 17536
15 461 17552
15 592 17568
15 760 17584
15 820 17600
15 933 17616
16 44 17632
16 63 17648
16 64 17664
16 68 17680
16 80 17696
16 81 17712
16 105 17728
16 106 17744
16 107 17760
16 115 17776
16 121 17792
16 128 17808
16 132 17824
16 157 17840
16 164 17856
16 170 17872
16 174 17888
16 183 17904
16 209 17920
16 210 17936
16 221 17952
16 222 17968
16 255 17984
16 269 18000
16 280 18016
16 281 18032
16 282 18048
16 283 18064
16 290 18080
16 304 18096
16 308 18112
16 311 18128
16 337 18144
16 338 18160
16 355 18176
16 362 18192
16 367 18208
16 405 18224
16 424 18240
16 434 18256
16 448 18272
16 489 18288
16 495 18304
16 518 18320
16 642 18336
16 771 18352
16 828 18368
17 0 18384
17 1 18400
17 17 18416
17 18 18432
17 21 18448
17 23 18464
17 41 18480
17 42 18496
17 62 18512
17 73 18528
17 74 18544
17 82 18560
17 83 18576
17 85 18592
17 86 18608
17 87 18624
17 105 18640
17 106 18656
17 107 18672
17 115 18688
17 120 18704
17 121 18720
17 142 18736
17 146 18752
17 147 18768
17 153 18784
17 154 18800
17 155 18816
17 160 18832
17 162 18848
17 163 18864
17 166 18880
17 173 18896
17 177 18912
17 180 18928
17 189 18944
17 212 18960
17 215 18976
17 218 18992
17 219 19008
17 220 19024
17 221 19040
17 222 19056
17 223 19072
17 224 19088
17 225 19104
17 226 19120
17 228 19136
17 233 19152
17 248 19168
17 249 19184
17 252 19200
17 253 19216
17 255 19232
17 269 19248
17 282 19264
17 283 19280
17 295 19296
17 297 19312
17 307 19328
17 308 19344
17 309 19360
17 310 19376
17 311 19392
17 312 19408
17 313 19424
17 314 19440
17 315 19456
17 316 19472
17 317 19488
17 340 19504
17 341 19520
17 363 19536
17 366 19552
17 378 19568
17 386 19584
17 393 19600
17 404 19616
17 405 19632
17 422 19648
17 424 19664
17 427 19680
17 431 19696
17 434 19712
17 441 19728
17 459 19744
17 467 19760
17 473 19776
17 474 19792
17 493 19808
17 494 19824
17 495 19840
17 518 19856
17 532 19872
17 533 19888
17 546 19904
17 612 19920
17 615 19936
17 643 19952
17 654 19968
17 671 19984
17 696 20000
17 726 20016
17 872 20032
17 932 20048
17 950 20064
18 0 20080
18 17 20096
18 18 20112
18 62 20128
18 74 20144
18 85 20160
18 86 20176
18 103 20192
18 104 20208
18 107 20224
18 115 20240
18 120 20256
18 121 20272
18 133 20288
18 160 20304
18 166 20320
18 167 20336
18 177 20352
18 182 20368
18 215 20384
18 218 20400
18 219 20416
18 221 20432
18 222 20448
18 223 20464
18 225 20480
18 232 20496
18 280 20512
18 295 20528
18 301 20544
18 310 20560
18 317 20576
18 365 20592
18 366 20608
18 376 20624
18 419 20640
18 420 20656
18 424 20672
18 533 20688
18 696 20704
18 797 20720
18 852 20736
19 7 20752
19 11 20768
19 12 20784
19 19 20800
19 42 20816
19 44 20832
19 49 20848
19 62 20864
19 83 20880
19 107 20896
19 121 20912
19 141 20928
19 142 20944
19 160 20960
19 161 20976
19 183 20992
19 184 21008
19 249 21024
19 264 21040
19 265 21056
19 267 21072
19 268 21088
19 293 21104
19 331 21120
19 360 21136
19 362 21152
19 365 21168
19 366 21184
19 420 21200
19 421 21216
19 430 21232
19 434 21248
19 441 21264
19 452 21280
19 459 21296
19 473 21312
19 499 21328
19 504 21344
19 506 21360
19 510 21376
19 513 21392
19 525 21408
19 533 21424
19 549 21440
19 550 21456
19 555 21472
19 569 21488
19 570 21504
19 573 21520
19 661 21536
19 666 21552
19 674 21568
19 700 21584
19 707 21600
19 754 21616
19 823 21632
19 856 21648
19 957 21664
20 10 21680
20 11 21696
20 20 21712
20 21 21728
20 22 21744
20 28 21760
20 42 21776
20 62 21792
20 68 21808
20 72 21824
20 74 21840
20 80 21856
20 81 21872
20 82 21888
20 83 21904
20 86 21920
20 92 21936
20 96 21952
20 106 21968
20 127 21984
20 137 22000
20 142 22016
20 160 22032
20 166 22048
20 173 22064
20 187 22080
20 188 22096
20 215 22112
20 222 22128
20 223 22144
20 230 22160
20 259 22176
20 260 22192
20 271 22208
20 282 22224
20 287 22240
20 301 22256
20 326 22272
20 327 22288
20 329 22304
20 366 22320
20 400 22336
20 409 22352
20 424 22368
20 459 22384
20 480 22400
20 495 22416
20 520 22432
20 536 22448
20 715 22464
20 728 22480
20 885 22496
20 887 22512
20 932 22528
21 1 22544
21 5 22560
21 6 22576
21 10 22592
21 11 22608
21 13 22624
21 17 22640
21 20 22656
21 21 22672
21 22 22688
21 28 22704
21 29 22720
21 36 22736
21 41 22752
21 42 22768
21 44 22784
21 46 22800
21 62 22816
21 64 22832
21 68 22848
21 72 22864
21 74 22880
21 80 22896
21 81 22912
21 82 22928
21 83 22944
21 86 22960
21 87 22976
21 92 22992
21 96 23008
21 105 23024
21 106 23040
21 107 23056
21 114 23072
21 115 23088
21 118 23104
21 121 23120
21 127 23136
21 128 23152
21 129 23168
21 137 23184
21 145 23200
21 146 23216
21 152 23232
21 160 23248
21 166 23264
21 169 23280
21 173 23296
21 174 23312
21 183 23328
21 184 23344
21 187 23360
21 188 23376
21 189 23392
21 210 23408
21 211 23424
21 212 23440
21 214 23456
21 221 23472
21 222 23488
21 230 23504
21 249 23520
21 253 23536
21 254 23552
21 256 23568
21 259 23584
21 260 23600
21 272 23616
21 274 23632
21 278 23648
21 280 23664
21 282 23680
21 283 23696
21 287 23712
21 296 23728
21 301 23744
21 303 23760
21 306 23776
21 308 23792
21 314 23808
21 325 23824
21 326 23840
21 327 23856
21 329 23872
21 333 23888
21 355 23904
21 357 23920
21 363 23936
21 364 23952
21 365 23968
21 367 23984
21 371 24000
21 375 24016
21 400 24032
21 405 24048
21 409 24064
21 420 24080
21 424 24096
21 434 24112
21 459 24128
21 462 24144
21 467 24160
21 480 24176
21 489 24192
21 495 24208
21 513 24224
21 518 24240
21 520 24256
21 533 24272
21 537 24288
21 548 24304
21 550 24320
21 551 24336
21 581 24352
21 615 24368
21 624 24384
21 642 24400
21 647 24416
21 671 24432
21 686 24448
21 690 24464
21 695 24480
21 715 24496
21 728 24512
21 777 24528
21 787 24544
21 820 24560
21 896 24576
21 966 24592
22 11 24608
22 20 24624
22 21 24640
22 22 24656
22 35 24672
22 92 24688
22 127 24704
22 137 24720
22 155 24736
22 173 24752
22 258 24768
22 301 24784
22 520 24800
22 686 24816
23 13 24832
23 23 24848
23 24 24864
23 25 24880
23 26 24896
23 27 24912
23 28 24928
23 29 24944
23 30 24960
23 31 24976
23 32 24992
23 33 25008
23 34 25024
23 35 25040
23 36 25056
23 37 25072
23 38 25088
23 39 25104
23 40 25120
23 62 25136
23 82 25152
23 87 25168
23 96 25184
23 107 25200
23 115 25216
23 116 25232
23 121 25248
23 128 25264
23 135 25280
23 151 25296
23 160 25312
23 165 25328
23 166 25344
23 170 25360
23 171 25376
23 172 25392
23 212 25408
23 215 25424
23 220 25440
23 229 25456
23 251 25472
23 261 25488
23 301 25504
23 333 25520
23 337 25536
23 367 25552
23 417 25568
23 421 25584
23 422 25600
23 427 25616
23 434 25632
23 438 25648
23 460 25664
23 464 25680
23 480 25696
23 494 25712
23 588 25728
23 590 25744
23 785 25760
23 820 25776
23 932 25792
23 950 25808
23 953 25824
23 964 25840
24 23 25856
24 24 25872
24 25 25888
24 26 25904
24 27 25920
24 28 25936
24 29 25952
24 30 25968
24 31 25984
24 32 26000
24 33 26016
24 34 26032
24 35 26048
24 36 26064
24 37 26080
24 38 26096
24 39 26112
24 40 26128
24 64 26144
24 96 26160
24 114 26176
24 151 26192
24 169 26208
24 261 26224
24 367 26240
24 411 26256
24 440 26272
24 494 26288
24 545 26304
24 588 26320
24 590 26336
24 609 26352
24 654 26368
24 953 26384
24 964 26400
24 988 26416
24 997 26432
25 10 26448
25 23 26464
25 24 26480
25 26 26496
25 30 26512
25 34 26528
25 36 26544
25 38 26560
25 40 26576
25 133 26592
25 301 26608
25 361 26624
25 438 26640
25 459 26656
25 473 26672
25 545 26688
25 588 26704
25 654 26720
26 23 26736
26 24 26752
26 25 26768
26 26 26784
26 27 26800
26 28 26816
26 29 26832
26 32 26848
26 34 26864
26 35 26880
26 38 26896
26 40 26912
26 47 26928
26 135 26944
26 170 26960
26 251 26976
26 370 26992
26 438 27008
26 442 27024
26 588 27040
26 590 27056
26 654 27072
26 953 27088
27 23 27104
27 24 27120
27 25 27136
27 26 27152
27 27 27168
27 28 27184
27 29 27200
27 30 27216
27 31 27232
27 32 27248
27 33 27264
27 34 27280
27 35 27296
27 36 27312
27 37 27328
27 38 27344
27 39 27360
27 40 27376
27 51 27392
27 62 27408
27 93 27424
27 116 27440
27 121 27456
27 135 27472
27 136 27488
27 165 27504
27 170 27520
27 197 27536
27 261 27552
27 301 27568
27 338 27584
27 361 27600
27 370 27616
27 437 27632
27 438 27648
27 494 27664
27 545 27680
27 588 27696
27 590 27712
27 721 27728
27 722 27744
27 878 27760
27 883 27776
27 953 27792
27 997 27808
28 20 27824
28 21 27840
28 23 27856
28 24 27872
28 25 27888
28 26 27904
28 27 27920
28 28 27936
28 29 27952
28 30 27968
28 31 27984
28 32 28000
28 33 28016
28 34 28032
28 35 28048
28 36 28064
28 37 28080
28 38 28096
28 39 28112
28 40 28128
28 44 28144
28 46 28160
28 51 28176
28 62 28192
28 63 28208
28 80 28224
28 81 28240
28 86 28256
28 87 28272
28 96 28288
28 105 28304
28 107 28320
28 113 28336
28 114 28352
28 115 28368
28 116 28384
28 128 28400
28 129 28416
28 133 28432
28 151 28448
28 160 28464
28 165 28480
28 169 28496
28 170 28512
28 172 28528
28 183 28544
28 212 28560
28 229 28576
28 249 28592
28 256 28608
28 278 28624
28 301 28640
28 303 28656
28 329 28672
28 338 28688
28 339 28704
28 340 28720
28 351 28736
28 363 28752
28 365 28768
28 367 28784
28 405 28800
28 419 28816
28 420 28832
28 424 28848
28 434 28864
28 438 28880
28 473 28896
28 545 28912
28 588 28928
28 590 28944
28 721 28960
28 722 28976
28 877 28992
28 914 29008
28 932 29024
28 952 29040
28 953 29056
29 5 29072
29 21 29088
29 23 29104
29 24 29120
29 25 29136
29 26 29152
29 27 29168
29 28 29184
29 29 29200
29 30 29216
29 31 29232
29 32 29248
29 33 29264
29 34 29280
29 35 29296
29 36 29312
29 37 29328
29 38 29344
29 39 29360
29 40 29376
29 51 29392
29 62 29408
29 113 29424
29 116 29440
29 133 29456
29 151 29472
29 169 29488
29 183 29504
29 229 29520
29 301 29536
29 331 29552
29 361 29568
29 409 29584
29 417 29600
29 420 29616
29 438 29632
29 443 29648
29 459 29664
29 473 29680
29 486 29696
29 533 29712
29 545 29728
29 560 29744
29 588 29760
29 590 29776
29 964 29792
30 23 29808
30 24 29824
30 25 29840
30 26 29856
30 27 29872
30 28 29888
30 29 29904
30 30 29920
30 31 29936
30 32 29952
30 33 29968
30 34 29984
30 35 30000
30 36 30016
30 37 30032
30 38 30048
30 39 30064
30 40 30080
30 41 30096
30 44 30112
30 51 30128
30 62 30144
30 82 30160
30 86 30176
30 115 30192
30 116 30208
30 121 30224
30 128 30240
30 129 30256
30 133 30272
30 135 30288
30 136 30304
30 151 30320
30 160 30336
30 165 30352
30 169 30368
30 172 30384
30 251 30400
30 261 30416
30 263 30432
30 336 30448
30 337 30464
30 339 30480
30 366 30496
30 367 30512
30 417 30528
30 424 30544
30 434 30560
30 438 30576
30 545 30592
30 546 30608
30 588 30624
30 590 30640
30 609 30656
30 721 30672
30 764 30688
30 820 30704
31 23 30720
31 24 30736
31 27 30752
31 28 30768
31 29 30784
31 30 30800
31 31 30816
31 32 30832
31 33 30848
31 35 30864
31 36 30880
31 37 30896
31 39 30912
31 40 30928
31 51 30944
31 82 30960
31 96 30976
31 107 30992
31 115 31008
31 121 31024
31 123 31040
31 135 31056
31 142 31072
31 143 31088
31 151 31104
31 155 31120
31 162 31136
31 165 31152
31 170 31168
31 198 31184
31 229 31200
31 254 31216
31 256 31232
31 261 31248
31 282 31264
31 337 31280
31 338 31296
31 361 31312
31 367 31328
31 424 31344
31 427 31360
31 438 31376
31 612 31392
32 23 31408
32 24 31424
32 26 31440
32 27 31456
32 28 31472
32 30 31488
32 31 31504
32 32 31520
32 33 31536
32 35 31552
32 40 31568
32 113 31584
32 151 31600
32 165 31616
32 251 31632
32 261 31648
32 361 31664
32 417 31680
32 438 31696
32 533 31712
32 590 31728
32 654 31744
32 883 31760
33 23 31776
33 27 31792
33 28 31808
33 29 31824
33 30 31840
33 31 31856
33 32 31872
33 33 31888
33 34 31904
33 35 31920
33 39 31936
33 40 31952
33 113 31968
33 282 31984
33 438 32000
33 443 32016
33 590 32032
33 615 32048
33 878 32064
34 5 32080
34 23 32096
34 24 32112
34 25 32128
34 26 32144
34 27 32160
34 28 32176
34 29 32192
34 30 32208
34 31 32224
34 32 32240
34 33 32256
34 34 32272
34 35 32288
34 36 32304
34 37 32320
34 38 32336
34 39 32352
34 40 32368
34 54 32384
34 151 32400
34 361 32416
34 434 32432
34 438 32448
34 588 32464
34 590 32480
35 5 32496
35 14 32512
35 23 32528
35 24 32544
35 25 32560
35 26 32576
35 27 32592
35 28 32608
35 29 32624
35 30 32640
35 31 32656
35 32 32672
35 33 32688
35 34 32704
35 35 32720
35 36 32736
35 37 32752
35 38 32768
35 39 32784
35 40 32800
35 51 32816
35 62 32832
35 107 32848
35 114 32864
35 121 32880
35 128 32896
35 129 32912
35 151 32928
35 165 32944
35 168 32960
35 170 32976
35 261 32992
35 301 33008
35 338 33024
35 367 33040
35 434 33056
35 438 33072
35 464 33088
35 473 33104
35 486 33120
35 588 33136
35 590 33152
35 655 33168
35 878 33184
36 10 33200
36 21 33216
36 23 33232
36 25 33248
36 28 33264
36 29 33280
36 30 33296
36 31 33312
36 36 33328
36 48 33344
36 113 33360
36 121 33376
36 129 33392
36 165 33408
36 169 33424
36 183 33440
36 367 33456
36 438 33472
36 545 33488
36 588 33504
37 23 33520
37 24 33536
37 25 33552
37 26 33568
37 27 33584
37 28 33600
37 29 33616
37 30 33632
37 31 33648
37 32 33664
37 33 33680
37 34 33696
37 35 33712
37 36 33728
37 37 33744
37 38 33760
37 39 33776
37 40 33792
37 48 33808
37 86 33824
37 96 33840
37 112 33856
37 123 33872
37 151 33888
37 229 33904
37 261 33920
37 338 33936
37 545 33952
37 588 33968
37 590 33984
37 667 34000
37 721 34016
38 23 34032
38 25 34048
38 26 34064
38 27 34080
38 28 34096
38 29 34112
38 30 34128
38 31 34144
38 33 34160
38 35 34176
38 37 34192
38 38 34208
38 39 34224
38 40 34240
38 47 34256
38 48 34272
38 86 34288
38 113 34304
38 116 34320
38 165 34336
38 170 34352
38 171 34368
38 245 34384
38 258 34400
38 321 34416
38 329 34432
38 339 34448
38 370 34464
38 409 34480
38 417 34496
38 421 34512
38 438 34528
38 443 34544
38 474 34560
38 547 34576
38 579 34592
38 590 34608
38 592 34624
38 722 34640
38 847 34656
38 915 34672
39 23 34688
39 27 34704
39 28 34720
39 29 34736
39 34 34752
39 35 34768
39 39 34784
39 40 34800
39 86 34816
39 114 34832
39 165 34848
39 437 34864
39 455 34880
39 480 34896
39 494 34912
39 883 34928
40 23 34944
40 24 34960
40 25 34976
40 26 34992
40 27 35008
40 28 35024
40 29 35040
40 30 35056
40 31 35072
40 32 35088
40 33 35104
40 34 35120
40 35 35136
40 37 35152
40 38 35168
40 39 35184
40 40 35200
40 47 35216
40 48 35232
40 75 35248
40 93 35264
40 113 35280
40 119 35296
40 135 35312
40 151 35328
40 170 35344
40 171 35360
40 245 35376
40 251 35392
40 261 35408
40 318 35424
40 361 35440
40 370 35456
40 409 35472
40 417 35488
40 438 35504
40 442 35520
40 443 35536
40 448 35552
40 533 35568
40 545 35584
40 547 35600
40 560 35616
40 590 35632
40 725 35648
40 753 35664
40 816 35680
40 847 35696
40 900 35712
40 917 35728
40 919 35744
40 953 35760
40 964 35776
41 5 35792
41 14 35808
41 23 35824
41 28 35840
41 30 35856
41 41 35872
41 42 35888
41 47 35904
41 51 35920
41 62 35936
41 63 35952
41 85 35968
41 86 35984
41 87 36000
41 93 36016
41 94 36032
41 95 36048
41 105 36064
41 107 36080
41 113 36096
41 114 36112
41 115 36128
41 121 36144
41 123 36160
41 128 36176
41 133 36192
41 136 36208
41 160 36224
41 165 36240
41 166 36256
41 167 36272
41 169 36288
41 171 36304
41 180 36320
41 196 36336
41 197 36352
41 198 36368
41 199 36384
41 200 36400
41 201 36416
41 202 36432
41 203 36448
41 204 36464
41 205 36480
41 206 36496
41 207 36512
41 212 36528
41 215 36544
41 232 36560
41 249 36576
41 256 36592
41 280 36608
41 336 36624
41 352 36640
41 434 36656
41 443 36672
41 460 36688
41 464 36704
41 474 36720
41 482 36736
41 483 36752
41 493 36768
41 546 36784
41 581 36800
41 593 36816
41 601 36832
41 612 36848
41 751 36864
41 776 36880
41 801 36896
41 820 36912
41 908 36928
41 917 36944
41 918 36960
42 5 36976
42 17 36992
42 19 37008
42 20 37024
42 23 37040
42 41 37056
42 42 37072
42 44 37088
42 58 37104
42 64 37120
42 74 37136
42 81 37152
42 83 37168
42 87 37184
42 105 37200
42 106 37216
42 115 37232
42 128 37248
42 129 37264
42 143 37280
42 145 37296
42 147 37312
42 160 37328
42 163 37344
42 166 37360
42 169 37376
42 183 37392
42 184 37408
42 187 37424
42 188 37440
42 190 37456
42 209 37472
42 212 37488
42 215 37504
42 221 37520
42 226 37536
42 243 37552
42 245 37568
42 249 37584
42 255 37600
42 280 37616
42 296 37632
42 300 37648
42 329 37664
42 333 37680
42 343 37696
42 372 37712
42 405 37728
42 422 37744
42 427 37760
42 434 37776
42 453 37792
42 459 37808
42 473 37824
42 474 37840
42 490 37856
42 492 37872
42 493 37888
42 495 37904
42 560 37920
42 607 37936
42 612 37952
42 642 37968
42 667 37984
42 671 38000
42 756 38016
42 820 38032
43 43 38048
43 44 38064
43 358 38080
43 406 38096
43 407 38112
43 498 38128
43 499 38144
43 505 38160
44 7 38176
44 8 38192
44 9 38208
44 10 38224
44 11 38240
44 12 38256
44 16 38272
44 19 38288
44 30 38304
44 43 38320
44 44 38336
44 51 38352
44 62 38368
44 82 38384
44 86 38400
44 105 38416
44 106 38432
44 107 38448
44 121 38464
44 128 38480
44 129 38496
44 133 38512
44 141 38528
44 155 38544
44 160 38560
44 161 38576
44 166 38592
44 183 38608
44 211 38624
44 212 38640
44 213 38656
44 246 38672
44 249 38688
44 283 38704
44 293 38720
44 324 38736
44 332 38752
44 358 38768
44 359 38784
44 360 38800
44 362 38816
44 365 38832
44 366 38848
44 374 38864
44 405 38880
44 406 38896
44 407 38912
44 419 38928
44 424 38944
44 430 38960
44 434 38976
44 441 38992
44 459 39008
44 499 39024
44 500 39040
44 501 39056
44 502 39072
44 503 39088
44 504 39104
44 506 39120
44 525 39136
44 526 39152
44 529 39168
44 549 39184
44 550 39200
44 555 39216
44 565 39232
44 569 39248
44 573 39264
44 649 39280
44 661 39296
44 672 39312
44 699 39328
44 729 39344
44 754 39360
44 765 39376
44 805 39392
44 856 39408
44 913 39424
44 932 39440
44 951 39456
44 956 39472
44 967 39488
45 15 39504
45 16 39520
45 45 39536
45 46 39552
45 62 39568
45 107 39584
45 124 39600
45 139 39616
45 140 39632
45 142 39648
45 162 39664
45 164 39680
45 216 39696
45 269 39712
45 271 39728
45 272 39744
45 273 39760
45 274 39776
45 282 39792
45 300 39808
45 301 39824
45 322 39840
45 335 39856
45 371 39872
45 404 39888
45 405 39904
45 419 39920
45 424 39936
45 428 39952
45 429 39968
45 445 39984
45 447 40000
45 448 40016
45 461 40032
45 640 40048
45 838 40064
45 892 40080
45 933 40096
46 3 40112
46 15 40128
46 16 40144
46 21 40160
46 45 40176
46 46 40192
46 63 40208
46 96 40224
46 106 40240
46 114 40256
46 121 40272
46 128 40288
46 129 40304
46 132 40320
46 137 40336
46 139 40352
46 140 40368
46 155 40384
46 164 40400
46 169 40416
46 174 40432
46 210 40448
46 211 40464
46 216 40480
46 236 40496
46 256 40512
46 269 40528
46 272 40544
46 273 40560
46 274 40576
46 283 40592
46 300 40608
46 303 40624
46 322 40640
46 329 40656
46 355 40672
46 371 40688
46 405 40704
46 424 40720
46 428 40736
46 429 40752
46 434 40768
46 446 40784
46 447 40800
46 448 40816
46 461 40832
46 495 40848
46 592 40864
46 812 40880
47 14 40896
47 26 40912
47 38 40928
47 40 40944
47 41 40960
47 47 40976
47 48 40992
47 76 41008
47 79 41024
47 86 41040
47 96 41056
47 107 41072
47 113 41088
47 114 41104
47 116 41120
47 129 41136
47 135 41152
47 160 41168
47 168 41184
47 172 41200
47 220 41216
47 251 41232
47 263 41248
47 318 41264
47 333 41280
47 339 41296
47 361 41312
47 417 41328
47 427 41344
47 437 41360
47 443 41376
47 455 41392
47 482 41408
47 483 41424
47 547 41440
47 847 41456
47 925 41472
48 27 41488
48 36 41504
48 37 41520
48 39 41536
48 40 41552
48 47 41568
48 48 41584
48 50 41600
48 75 41616
48 76 41632
48 84 41648
48 96 41664
48 105 41680
48 113 41696
48 114 41712
48 115 41728
48 151 41744
48 165 41760
48 166 41776
48 171 41792
48 211 41808
48 212 41824
48 229 41840
48 245 41856
48 252 41872
48 261 41888
48 263 41904
48 318 41920
48 333 41936
48 338 41952
48 361 41968
48 367 41984
48 372 42000
48 417 42016
48 423 42032
48 427 42048
48 437 42064
48 442 42080
48 443 42096
48 444 42112
48 455 42128
48 482 42144
48 485 42160
48 486 42176
48 492 42192
48 527 42208
48 547 42224
48 643 42240
48 654 42256
48 678 42272
48 847 42288
49 49 42304
49 50 42320
49 71 42336
49 83 42352
49 84 42368
49 87 42384
49 297 42400
49 433 42416
49 612 42432
49 643 42448
50 48 42464
50 49 42480
50 50 42496
50 71 42512
50 84 42528
50 87 42544
50 152 42560
50 217 42576
50 431 42592
50 433 42608
50 643 42624
50 654 42640
51 27 42656
51 28 42672
51 29 42688
51 30 42704
51 35 42720
51 41 42736
51 44 42752
51 51 42768
51 64 42784
51 79 42800
51 82 42816
51 85 42832
51 93 42848
51 95 42864
51 100 42880
51 109 42896
51 112 42912
51 113 42928
51 114 42944
51 118 42960
51 124 42976
51 128 42992
51 133 43008
51 141 43024
51 143 43040
51 160 43056
51 165 43072
51 196 43088
51 197 43104
51 199 43120
51 200 43136
51 201 43152
51 205 43168
51 232 43184
51 280 43200
51 283 43216
51 362 43232
51 371 43248
51 375 43264
51 399 43280
51 409 43296
51 445 43312
51 498 43328
51 557 43344
51 581 43360
51 593 43376
51 820 43392
51 917 43408
52 1 43424
52 52 43440
52 53 43456
52 61 43472
52 103 43488
52 128 43504
52 146 43520
52 157 43536
52 185 43552
52 197 43568
52 221 43584
52 232 43600
52 301 43616
52 314 43632
52 368 43648
52 377 43664
52 397 43680
52 537 43696
52 595 43712
52 719 43728
52 781 43744
52 786 43760
52 814 43776
52 820 43792
53 14 43808
53 18 43824
53 61 43840
53 82 43856
53 85 43872
53 103 43888
53 128 43904
53 129 43920
53 157 43936
53 178 43952
53 182 43968
53 215 43984
53 221 44000
53 231 44016
53 232 44032
53 280 44048
53 312 44064
53 380 44080
53 389 44096
53 394 44112
53 397 44128
53 403 44144
53 420 44160
53 434 44176
53 440 44192
53 465 44208
53 466 44224
53 486 44240
53 526 44256
53 537 44272
53 820 44288
54 2 44304
54 6 44320
54 34 44336
54 54 44352
54 55 44368
54 56 44384
54 57 44400
54 58 44416
54 59 44432
54 63 44448
54 88 44464
54 89 44480
54 96 44496
54 107 44512
54 126 44528
54 131 44544
54 132 44560
54 137 44576
54 138 44592
54 166 44608
54 174 44624
54 194 44640
54 208 44656
54 211 44672
54 249 44688
54 252 44704
54 271 44720
54 281 44736
54 285 44752
54 304 44768
54 305 44784
54 411 44800
54 412 44816
54 438 44832
54 481 44848
54 520 44864
54 532 44880
54 552 44896
54 665 44912
54 685 44928
54 698 44944
54 738 44960
54 803 44976
54 807 44992
54 809 45008
54 812 45024
54 826 45040
54 949 45056
55 2 45072
55 3 45088
55 6 45104
55 54 45120
55 55 45136
55 56 45152
55 57 45168
55 58 45184
55 59 45200
55 86 45216
55 107 45232
55 126 45248
55 131 45264
55 160 45280
55 166 45296
55 193 45312
55 208 45328
55 211 45344
55 271 45360
55 285 45376
55 305 45392
55 411 45408
55 412 45424
55 481 45440
55 520 45456
55 533 45472
55 552 45488
55 665 45504
55 685 45520
55 698 45536
55 718 45552
55 738 45568
55 809 45584
55 949 45600
55 950 45616
55 1004 45632
56 2 45648
56 3 45664
56 4 45680
56 6 45696
56 54 45712
56 55 45728
56 56 45744
56 57 45760
56 58 45776
56 59 45792
56 63 45808
56 89 45824
56 96 45840
56 126 45856
56 137 45872
56 138 45888
56 174 45904
56 194 45920
56 209 45936
56 211 45952
56 271 45968
56 286 45984
56 303 46000
56 305 46016
56 408 46032
56 412 46048
56 481 46064
56 520 46080
56 532 46096
56 610 46112
56 619 46128
56 685 46144
56 698 46160
56 718 46176
56 738 46192
56 809 46208
56 826 46224
56 859 46240
56 865 46256
56 880 46272
56 921 46288
57 2 46304
57 3 46320
57 4 46336
57 5 46352
57 6 46368
57 54 46384
57 55 46400
57 56 46416
57 57 46432
57 58 46448
57 59 46464
57 63 46480
57 64 46496
57 88 46512
57 89 46528
57 96 46544
57 126 46560
57 137 46576
57 138 46592
57 160 46608
57 174 46624
57 193 46640
57 194 46656
57 195 46672
57 208 46688
57 211 46704
57 240 46720
57 243 46736
57 252 46752
57 271 46768
57 281 46784
57 285 46800
57 286 46816
57 302 46832
57 303 46848
57 304 46864
57 305 46880
57 408 46896
57 411 46912
57 412 46928
57 460 46944
57 481 46960
57 520 46976
57 532 46992
57 552 47008
57 601 47024
57 604 47040
57 610 47056
57 619 47072
57 683 47088
57 685 47104
57 738 47120
57 809 47136
57 812 47152
57 815 47168
57 849 47184
57 859 47200
57 880 47216
57 924 47232
57 949 47248
58 2 47264
58 3 47280
58 4 47296
58 5 47312
58 6 47328
58 13 47344
58 54 47360
58 55 47376
58 56 47392
58 57 47408
58 58 47424
58 59 47440
58 62 47456
58 63 47472
58 81 47488
58 82 47504
58 83 47520
58 84 47536
58 86 47552
58 87 47568
58 88 47584
58 89 47600
58 96 47616
58 105 47632
58 107 47648
58 115 47664
58 121 47680
58 126 47696
58 129 47712
58 131 47728
58 132 47744
58 137 47760
58 138 47776
58 142 47792
58 145 47808
58 154 47824
58 155 47840
58 158 47856
58 159 47872
58 160 47888
58 162 47904
58 166 47920
58 174 47936
58 175 47952
58 183 47968
58 193 47984
58 194 48000
58 195 48016
58 208 48032
58 209 48048
58 210 48064
58 211 48080
58 212 48096
58 215 48112
58 233 48128
58 243 48144
58 244 48160
58 249 48176
58 252 48192
58 254 48208
58 256 48224
58 271 48240
58 281 48256
58 282 48272
58 283 48288
58 285 48304
58 286 48320
58 288 48336
58 303 48352
58 304 48368
58 305 48384
58 333 48400
58 366 48416
58 371 48432
58 372 48448
58 373 48464
58 404 48480
58 408 48496
58 411 48512
58 412 48528
58 422 48544
58 424 48560
58 431 48576
58 434 48592
58 462 48608
58 481 48624
58 498 48640
58 518 48656
58 520 48672
58 533 48688
58 546 48704
58 552 48720
58 586 48736
58 587 48752
58 597 48768
58 601 48784
58 612 48800
58 615 48816
58 654 48832
58 664 48848
58 665 48864
58 685 48880
58 698 48896
58 738 48912
58 803 48928
58 809 48944
58 812 48960
58 814 48976
58 826 48992
58 832 49008
58 845 49024
58 859 49040
58 880 49056
58 921 49072
58 950 49088
59 2 49104
59 3 49120
59 4 49136
59 5 49152
59 6 49168
59 54 49184
59 55 49200
59 56 49216
59 57 49232
59 58 49248
59 59 49264
59 63 49280
59 89 49296
59 96 49312
59 132 49328
59 137 49344
59 138 49360
59 160 49376
59 192 49392
59 194 49408
59 195 49424
59 252 49440
59 285 49456
59 286 49472
59 303 49488
59 305 49504
59 408 49520
59 412 49536
59 481 49552
59 520 49568
59 586 49584
59 610 49600
59 619 49616
59 685 49632
59 698 49648
59 738 49664
59 809 49680
59 812 49696
59 845 49712
59 859 49728
59 865 49744
59 886 49760
59 971 49776
59 990 49792
60 60 49808
60 61 49824
60 95 49840
60 103 49856
60 104 49872
60 105 49888
60 122 49904
60 133 49920
60 150 49936
60 157 49952
60 167 49968
60 172 49984
60 177 50000
60 179 50016
60 181 50032
60 182 50048
60 214 50064
60 215 50080
60 219 50096
60 231 50112
60 232 50128
60 250 50144
60 275 50160
60 280 50176
60 283 50192
60 295 50208
60 296 50224
60 320 50240
60 321 50256
60 342 50272
60 352 50288
60 368 50304
60 376 50320
60 377 50336
60 378 50352
60 379 50368
60 380 50384
60 381 50400
60 384 50416
60 385 50432
60 387 50448
60 388 50464
60 389 50480
60 390 50496
60 391 50512
60 392 50528
60 393 50544
60 394 50560
60 395 50576
60 396 50592
60 397 50608
60 947 50624
61 14 50640
61 19 50656
61 52 50672
61 60 50688
61 61 50704
61 64 50720
61 95 50736
61 103 50752
61 104 50768
61 123 50784
61 150 50800
61 157 50816
61 160 50832
61 172 50848
61 178 50864
61 179 50880
61 181 50896
61 182 50912
61 213 50928
61 232 50944
61 250 50960
61 264 50976
61 265 50992
61 266 51008
61 280 51024
61 295 51040
61 296 51056
61 301 51072
61 320 51088
61 321 51104
61 345 51120
61 347 51136
61 368 51152
61 376 51168
61 377 51184
61 378 51200
61 379 51216
61 380 51232
61 381 51248
61 387 51264
61 388 51280
61 389 51296
61 390 51312
61 391 51328
61 392 51344
61 393 51360
61 394 51376
61 395 51392
61 396 51408
61 421 51424
61 434 51440
61 440 51456
61 465 51472
61 483 51488
61 498 51504
61 499 51520
61 503 51536
61 519 51552
61 533 51568
61 537 51584
61 707 51600
61 758 51616
61 872 51632
