683 683 5905580032
684 684 5905580048
685 2 5905580064
685 3 5905580080
685 4 5905580096
685 6 5905580112
685 54 5905580128
685 55 5905580144
685 56 5905580160
685 57 5905580176
685 58 5905580192
685 59 5905580208
685 63 5905580224
685 64 5905580240
685 81 5905580256
685 92 5905580272
685 137 5905580288
685 138 5905580304
685 160 5905580320
685 174 5905580336
685 175 5905580352
685 193 5905580368
685 194 5905580384
685 208 5905580400
685 252 5905580416
685 281 5905580432
685 285 5905580448
685 286 5905580464
685 298 5905580480
685 305 5905580496
685 408 5905580512
685 412 5905580528
685 481 5905580544
685 520 5905580560
685 647 5905580576
685 665 5905580592
685 685 5905580608
685 698 5905580624
685 738 5905580640
685 809 5905580656
685 812 5905580672
685 815 5905580688
685 826 5905580704
685 845 5905580720
685 859 5905580736
685 880 5905580752
685 990 5905580768
686 21 5905580784
686 22 5905580800
686 114 5905580816
686 245 5905580832
686 263 5905580848
686 301 5905580864
686 531 5905580880
689 198 5905580896
689 689 5905580912
690 5 5905580928
690 20 5905580944
690 21 5905580960
690 74 5905580976
690 86 5905580992
690 106 5905581008
690 107 5905581024
690 160 5905581040
690 189 5905581056
690 215 5905581072
690 222 5905581088
690 282 5905581104
690 301 5905581120
690 316 5905581136
690 366 5905581152
690 400 5905581168
690 447 5905581184
690 690 5905581200
691 691 5905581216
692 130 5905581232
692 231 5905581248
694 129 5905581264
694 255 5905581280
694 493 5905581296
694 706 5905581312
695 20 5905581328
695 21 5905581344
695 85 5905581360
695 106 5905581376
695 129 5905581392
695 147 5905581408
695 164 5905581424
695 183 5905581440
695 189 5905581456
695 211 5905581472
695 222 5905581488
695 227 5905581504
695 228 5905581520
695 249 5905581536
695 259 5905581552
695 315 5905581568
695 316 5905581584
695 317 5905581600
695 365 5905581616
695 405 5905581632
695 459 5905581648
695 597 5905581664
695 607 5905581680
695 695 5905581696
695 734 5905581712
696 17 5905581728
696 74 5905581744
696 222 5905581760
696 297 5905581776
697 5 5905581792
697 697 5905581808
698 2 5905581824
698 13 5905581840
698 54 5905581856
698 55 5905581872
698 56 5905581888
698 57 5905581904
698 58 5905581920
698 59 5905581936
698 126 5905581952
698 131 5905581968
698 138 5905581984
698 194 5905582000
698 208 5905582016
698 211 5905582032
698 271 5905582048
698 285 5905582064
698 305 5905582080
698 411 5905582096
698 412 5905582112
698 481 5905582128
698 552 5905582144
698 685 5905582160
698 698 5905582176
698 738 5905582192
698 809 5905582208
698 949 5905582224
699 44 5905582240
699 141 5905582256
699 332 5905582272
699 406 5905582288
699 441 5905582304
699 500 5905582320
699 529 5905582336
699 699 5905582352
699 700 5905582368
699 845 5905582384
699 913 5905582400
699 924 5905582416
699 953 5905582432
700 19 5905582448
700 238 5905582464
700 247 5905582480
700 267 5905582496
700 299 5905582512
700 358 5905582528
700 359 5905582544
700 441 5905582560
700 602 5905582576
700 661 5905582592
700 699 5905582608
700 707 5905582624
700 720 5905582640
700 823 5905582656
700 956 5905582672
700 957 5905582688
703 703 5905582704
704 704 5905582720
705 450 5905582736
705 705 5905582752
706 280 5905582768
706 290 5905582784
706 523 5905582800
706 836 5905582816
707 7 5905582832
707 19 5905582848
707 61 5905582864
707 73 5905582880
707 213 5905582896
707 232 5905582912
707 247 5905582928
707 265 5905582944
707 267 5905582960
707 331 5905582976
707 441 5905582992
707 465 5905583008
707 499 5905583024
707 525 5905583040
707 602 5905583056
707 627 5905583072
707 661 5905583088
707 700 5905583104
707 765 5905583120
707 823 5905583136
707 856 5905583152
707 872 5905583168
707 950 5905583184
707 957 5905583200
708 62 5905583216
708 98 5905583232
708 99 5905583248
708 100 5905583264
708 107 5905583280
708 124 5905583296
708 125 5905583312
708 353 5905583328
708 371 5905583344
708 404 5905583360
708 708 5905583376
708 768 5905583392
710 184 5905583408
710 189 5905583424
710 272 5905583440
710 299 5905583456
710 418 5905583472
710 498 5905583488
710 508 5905583504
710 509 5905583520
710 710 5905583536
710 747 5905583552
710 896 5905583568
710 952 5905583584
711 711 5905583600
713 81 5905583616
713 509 5905583632
714 62 5905583648
714 86 5905583664
714 129 5905583680
714 401 5905583696
714 413 5905583712
714 425 5905583728
714 450 5905583744
714 714 5905583760
715 20 5905583776
715 21 5905583792
716 5 5905583808
716 716 5905583824
717 106 5905583840
717 215 5905583856
717 459 5905583872
717 717 5905583888
719 52 5905583904
719 64 5905583920
719 121 5905583936
719 157 5905583952
719 182 5905583968
719 296 5905583984
719 376 5905584000
719 379 5905584016
719 393 5905584032
719 397 5905584048
719 719 5905584064
719 841 5905584080
720 9 5905584096
720 11 5905584112
720 86 5905584128
720 213 5905584144
720 266 5905584160
720 324 5905584176
720 332 5905584192
720 406 5905584208
720 441 5905584224
720 466 5905584240
720 498 5905584256
720 525 5905584272
720 529 5905584288
720 555 5905584304
720 608 5905584320
720 699 5905584336
720 700 5905584352
720 707 5905584368
720 720 5905584384
720 754 5905584400
720 765 5905584416
720 804 5905584432
720 856 5905584448
721 229 5905584464
721 721 5905584480
723 92 5905584496
723 306 5905584512
723 538 5905584528
723 546 5905584544
723 551 5905584560
723 723 5905584576
723 733 5905584592
723 825 5905584608
723 923 5905584624
725 113 5905584640
725 245 5905584656
725 370 5905584672
726 1 5905584688
726 5 5905584704
726 17 5905584720
726 85 5905584736
726 106 5905584752
726 107 5905584768
726 152 5905584784
726 160 5905584800
726 189 5905584816
726 212 5905584832
726 282 5905584848
726 283 5905584864
726 316 5905584880
726 342 5905584896
726 612 5905584912
726 726 5905584928
727 83 5905584944
727 464 5905584960
727 483 5905584976
728 20 5905584992
728 21 5905585008
728 96 5905585024
728 327 5905585040
730 5 5905585056
730 13 5905585072
730 62 5905585088
730 64 5905585104
730 82 5905585120
730 107 5905585136
730 160 5905585152
730 211 5905585168
730 231 5905585184
730 301 5905585200
730 460 5905585216
730 468 5905585232
730 730 5905585248
731 731 5905585264
732 732 5905585280
733 306 5905585296
733 326 5905585312
733 327 5905585328
733 420 5905585344
733 538 5905585360
733 551 5905585376
733 723 5905585392
733 728 5905585408
733 733 5905585424
733 777 5905585440
733 825 5905585456
733 923 5905585472
734 0 5905585488
734 177 5905585504
735 269 5905585520
736 333 5905585536
736 736 5905585552
737 271 5905585568
737 737 5905585584
738 2 5905585600
738 4 5905585616
738 6 5905585632
738 54 5905585648
738 55 5905585664
738 57 5905585680
738 58 5905585696
738 59 5905585712
738 63 5905585728
738 131 5905585744
738 195 5905585760
738 208 5905585776
738 211 5905585792
738 271 5905585808
738 281 5905585824
738 285 5905585840
738 305 5905585856
738 411 5905585872
738 412 5905585888
738 481 5905585904
738 520 5905585920
738 552 5905585936
738 586 5905585952
738 698 5905585968
738 738 5905585984
738 809 5905586000
740 51 5905586016
741 179 5905586032
741 250 5905586048
741 741 5905586064
742 166 5905586080
742 614 5905586096
742 742 5905586112
743 102 5905586128
743 516 5905586144
743 517 5905586160
743 743 5905586176
