372 32 3221225472
372 42 3221225488
372 58 3221225504
372 62 3221225520
372 64 3221225536
372 70 3221225552
372 83 3221225568
372 86 3221225584
372 87 3221225600
372 107 3221225616
372 115 3221225632
372 121 3221225648
372 134 3221225664
372 282 3221225680
372 283 3221225696
372 366 3221225712
372 372 3221225728
372 373 3221225744
372 431 3221225760
372 433 3221225776
372 494 3221225792
372 513 3221225808
372 594 3221225824
373 58 3221225840
373 82 3221225856
373 83 3221225872
373 92 3221225888
373 93 3221225904
373 112 3221225920
373 115 3221225936
373 121 3221225952
373 131 3221225968
373 133 3221225984
373 134 3221226000
373 166 3221226016
373 180 3221226032
373 184 3221226048
373 194 3221226064
373 197 3221226080
373 239 3221226096
373 240 3221226112
373 243 3221226128
373 253 3221226144
373 280 3221226160
373 282 3221226176
373 283 3221226192
373 306 3221226208
373 311 3221226224
373 372 3221226240
373 373 3221226256
373 411 3221226272
373 420 3221226288
373 481 3221226304
373 508 3221226320
373 515 3221226336
373 528 3221226352
373 552 3221226368
373 571 3221226384
373 706 3221226400
373 714 3221226416
373 812 3221226432
373 964 3221226448
374 5 3221226464
374 7 3221226480
374 44 3221226496
374 166 3221226512
374 358 3221226528
374 374 3221226544
374 406 3221226560
374 407 3221226576
374 441 3221226592
374 499 3221226608
374 500 3221226624
374 501 3221226640
374 502 3221226656
374 503 3221226672
374 504 3221226688
374 505 3221226704
374 506 3221226720
374 529 3221226736
375 6 3221226752
375 16 3221226768
375 21 3221226784
375 28 3221226800
375 62 3221226816
375 66 3221226832
375 80 3221226848
375 81 3221226864
375 89 3221226880
375 90 3221226896
375 91 3221226912
375 96 3221226928
375 105 3221226944
375 107 3221226960
375 108 3221226976
375 110 3221226992
375 111 3221227008
375 112 3221227024
375 114 3221227040
375 121 3221227056
375 142 3221227072
375 143 3221227088
375 154 3221227104
375 160 3221227120
375 169 3221227136
375 183 3221227152
375 211 3221227168
375 230 3221227184
375 243 3221227200
375 258 3221227216
375 282 3221227232
375 301 3221227248
375 318 3221227264
375 328 3221227280
375 329 3221227296
375 340 3221227312
375 356 3221227328
375 357 3221227344
375 367 3221227360
375 368 3221227376
375 375 3221227392
375 411 3221227408
375 424 3221227424
375 455 3221227440
375 469 3221227456
375 474 3221227472
375 475 3221227488
375 476 3221227504
375 477 3221227520
375 478 3221227536
375 480 3221227552
375 494 3221227568
375 514 3221227584
375 663 3221227600
375 679 3221227616
375 756 3221227632
375 860 3221227648
375 889 3221227664
376 6 3221227680
376 18 3221227696
376 60 3221227712
376 61 3221227728
376 64 3221227744
376 103 3221227760
376 104 3221227776
376 122 3221227792
376 150 3221227808
376 157 3221227824
376 160 3221227840
376 179 3221227856
376 181 3221227872
376 182 3221227888
376 203 3221227904
376 250 3221227920
376 262 3221227936
376 283 3221227952
376 295 3221227968
376 296 3221227984
376 308 3221228000
376 320 3221228016
376 321 3221228032
376 368 3221228048
376 376 3221228064
376 377 3221228080
376 378 3221228096
376 379 3221228112
376 380 3221228128
376 387 3221228144
376 388 3221228160
376 389 3221228176
376 390 3221228192
376 391 3221228208
376 392 3221228224
376 393 3221228240
376 394 3221228256
376 395 3221228272
376 397 3221228288
376 632 3221228304
376 654 3221228320
376 719 3221228336
376 841 3221228352
376 985 3221228368
377 0 3221228384
377 1 3221228400
377 52 3221228416
377 60 3221228432
377 61 3221228448
377 62 3221228464
377 65 3221228480
377 86 3221228496
377 94 3221228512
377 95 3221228528
377 103 3221228544
377 104 3221228560
377 106 3221228576
377 120 3221228592
377 122 3221228608
377 127 3221228624
377 128 3221228640
377 129 3221228656
377 130 3221228672
377 133 3221228688
377 147 3221228704
377 148 3221228720
377 149 3221228736
377 150 3221228752
377 156 3221228768
377 157 3221228784
377 160 3221228800
377 163 3221228816
377 166 3221228832
377 167 3221228848
377 172 3221228864
377 174 3221228880
377 177 3221228896
377 179 3221228912
377 181 3221228928
377 182 3221228944
377 189 3221228960
377 199 3221228976
377 203 3221228992
377 204 3221229008
377 207 3221229024
377 214 3221229040
377 215 3221229056
377 219 3221229072
377 220 3221229088
377 227 3221229104
377 228 3221229120
377 231 3221229136
377 249 3221229152
377 250 3221229168
377 257 3221229184
377 262 3221229200
377 277 3221229216
377 278 3221229232
377 280 3221229248
377 283 3221229264
377 284 3221229280
377 292 3221229296
377 294 3221229312
377 295 3221229328
377 296 3221229344
377 312 3221229360
377 316 3221229376
377 320 3221229392
377 321 3221229408
377 342 3221229424
377 344 3221229440
377 347 3221229456
377 350 3221229472
377 351 3221229488
377 352 3221229504
377 365 3221229520
377 368 3221229536
377 376 3221229552
377 377 3221229568
377 378 3221229584
377 379 3221229600
377 380 3221229616
377 381 3221229632
377 382 3221229648
377 383 3221229664
377 384 3221229680
377 385 3221229696
377 386 3221229712
377 387 3221229728
377 388 3221229744
377 389 3221229760
377 390 3221229776
377 391 3221229792
377 392 3221229808
377 393 3221229824
377 394 3221229840
377 395 3221229856
377 396 3221229872
377 397 3221229888
377 398 3221229904
377 402 3221229920
377 403 3221229936
377 450 3221229952
377 458 3221229968
377 464 3221229984
377 468 3221230000
377 483 3221230016
377 486 3221230032
377 490 3221230048
377 491 3221230064
377 495 3221230080
377 526 3221230096
377 546 3221230112
377 548 3221230128
377 562 3221230144
377 572 3221230160
377 575 3221230176
377 593 3221230192
377 656 3221230208
377 659 3221230224
377 734 3221230240
377 741 3221230256
377 745 3221230272
377 748 3221230288
377 764 3221230304
377 776 3221230320
377 782 3221230336
377 839 3221230352
377 851 3221230368
377 872 3221230384
377 907 3221230400
377 918 3221230416
377 959 3221230432
377 960 3221230448
377 961 3221230464
378 103 3221230480
378 128 3221230496
378 150 3221230512
378 157 3221230528
378 283 3221230544
378 296 3221230560
378 377 3221230576
378 378 3221230592
378 393 3221230608
379 5 3221230624
379 6 3221230640
379 16 3221230656
379 60 3221230672
379 61 3221230688
379 63 3221230704
379 64 3221230720
379 80 3221230736
379 103 3221230752
379 104 3221230768
379 150 3221230784
379 157 3221230800
379 164 3221230816
379 174 3221230832
379 181 3221230848
379 182 3221230864
379 191 3221230880
379 250 3221230896
379 283 3221230912
379 285 3221230928
379 295 3221230944
379 296 3221230960
379 308 3221230976
379 316 3221230992
379 320 3221231008
379 321 3221231024
379 368 3221231040
379 376 3221231056
379 377 3221231072
379 378 3221231088
379 379 3221231104
379 380 3221231120
379 381 3221231136
379 382 3221231152
379 383 3221231168
379 384 3221231184
379 385 3221231200
379 386 3221231216
379 387 3221231232
379 388 3221231248
379 389 3221231264
379 390 3221231280
379 391 3221231296
379 392 3221231312
379 393 3221231328
379 394 3221231344
379 395 3221231360
379 396 3221231376
379 397 3221231392
379 398 3221231408
379 628 3221231424
379 719 3221231440
380 14 3221231456
380 61 3221231472
380 65 3221231488
380 101 3221231504
380 103 3221231520
380 120 3221231536
380 157 3221231552
380 160 3221231568
380 177 3221231584
380 178 3221231600
380 182 3221231616
380 200 3221231632
380 232 3221231648
380 283 3221231664
380 295 3221231680
380 296 3221231696
380 321 3221231712
380 376 3221231728
380 379 3221231744
380 380 3221231760
380 385 3221231776
380 387 3221231792
380 390 3221231808
380 391 3221231824
380 393 3221231840
380 396 3221231856
380 397 3221231872
380 440 3221231888
380 539 3221231904
380 562 3221231920
380 656 3221231936
380 680 3221231952
381 60 3221231968
381 61 3221231984
381 149 3221232000
381 150 3221232016
381 156 3221232032
381 160 3221232048
381 176 3221232064
381 177 3221232080
381 178 3221232096
381 179 3221232112
381 180 3221232128
381 181 3221232144
381 320 3221232160
381 321 3221232176
381 344 3221232192
381 377 3221232208
381 380 3221232224
381 381 3221232240
381 391 3221232256
381 393 3221232272
381 394 3221232288
381 397 3221232304
381 479 3221232320
381 515 3221232336
381 548 3221232352
381 686 3221232368
381 948 3221232384
383 383 3221232400
385 103 3221232416
385 160 3221232432
385 231 3221232448
385 295 3221232464
385 296 3221232480
385 376 3221232496
385 377 3221232512
385 378 3221232528
385 380 3221232544
385 385 3221232560
385 387 3221232576
385 389 3221232592
385 390 3221232608
385 393 3221232624
385 395 3221232640
387 41 3221232656
387 42 3221232672
387 60 3221232688
387 104 3221232704
387 115 3221232720
387 118 3221232736
387 150 3221232752
387 157 3221232768
387 182 3221232784
387 198 3221232800
387 229 3221232816
387 250 3221232832
387 283 3221232848
387 295 3221232864
387 296 3221232880
387 366 3221232896
387 368 3221232912
387 377 3221232928
387 378 3221232944
387 379 3221232960
387 380 3221232976
387 381 3221232992
387 384 3221233008
387 385 3221233024
387 387 3221233040
387 388 3221233056
387 389 3221233072
387 390 3221233088
387 392 3221233104
387 393 3221233120
387 394 3221233136
387 395 3221233152
387 485 3221233168
387 523 3221233184
387 667 3221233200
387 849 3221233216
387 950 3221233232
388 60 3221233248
388 104 3221233264
388 128 3221233280
388 130 3221233296
388 150 3221233312
388 157 3221233328
388 164 3221233344
388 179 3221233360
388 249 3221233376
388 280 3221233392
388 283 3221233408
388 296 3221233424
388 376 3221233440
388 378 3221233456
388 379 3221233472
388 384 3221233488
388 387 3221233504
388 388 3221233520
389 14 3221233536
389 60 3221233552
389 64 3221233568
389 103 3221233584
389 104 3221233600
389 157 3221233616
389 182 3221233632
389 292 3221233648
389 295 3221233664
389 296 3221233680
389 317 3221233696
389 326 3221233712
389 341 3221233728
389 376 3221233744
389 377 3221233760
389 379 3221233776
389 385 3221233792
389 387 3221233808
389 389 3221233824
389 390 3221233840
389 391 3221233856
389 393 3221233872
389 394 3221233888
389 395 3221233904
389 397 3221233920
389 486 3221233936
389 521 3221233952
389 585 3221233968
389 611 3221233984
389 628 3221234000
390 14 3221234016
390 60 3221234032
390 61 3221234048
390 62 3221234064
390 103 3221234080
390 104 3221234096
390 150 3221234112
390 157 3221234128
390 181 3221234144
390 182 3221234160
390 226 3221234176
390 250 3221234192
390 268 3221234208
390 283 3221234224
390 295 3221234240
390 296 3221234256
390 308 3221234272
390 320 3221234288
390 321 3221234304
390 368 3221234320
390 376 3221234336
390 377 3221234352
390 378 3221234368
390 379 3221234384
390 380 3221234400
390 381 3221234416
390 384 3221234432
390 385 3221234448
390 387 3221234464
390 388 3221234480
390 389 3221234496
390 390 3221234512
390 391 3221234528
390 392 3221234544
390 393 3221234560
390 394 3221234576
390 395 3221234592
390 396 3221234608
390 397 3221234624
390 438 3221234640
390 459 3221234656
390 491 3221234672
390 526 3221234688
390 756 3221234704
391 61 3221234720
391 182 3221234736
391 295 3221234752
391 320 3221234768
391 321 3221234784
391 368 3221234800
391 380 3221234816
391 389 3221234832
391 390 3221234848
391 391 3221234864
391 776 3221234880
392 86 3221234896
392 104 3221234912
392 283 3221234928
392 296 3221234944
392 368 3221234960
392 387 3221234976
392 392 3221234992
392 393 3221235008
392 588 3221235024
393 17 3221235040
393 60 3221235056
393 61 3221235072
393 71 3221235088
393 82 3221235104
393 83 3221235120
393 84 3221235136
393 86 3221235152
393 87 3221235168
393 103 3221235184
393 104 3221235200
393 105 3221235216
393 107 3221235232
393 121 3221235248
393 142 3221235264
393 145 3221235280
393 150 3221235296
393 152 3221235312
393 154 3221235328
393 155 3221235344
393 157 3221235360
393 160 3221235376
393 162 3221235392
393 166 3221235408
393 180 3221235424
393 181 3221235440
393 182 3221235456
393 212 3221235472
393 249 3221235488
393 250 3221235504
393 282 3221235520
393 283 3221235536
393 295 3221235552
393 296 3221235568
393 301 3221235584
393 308 3221235600
393 320 3221235616
393 321 3221235632
393 368 3221235648
393 376 3221235664
393 377 3221235680
393 378 3221235696
393 379 3221235712
393 380 3221235728
393 381 3221235744
393 382 3221235760
393 384 3221235776
393 385 3221235792
393 386 3221235808
393 387 3221235824
393 388 3221235840
393 389 3221235856
393 390 3221235872
393 391 3221235888
393 392 3221235904
393 393 3221235920
393 394 3221235936
393 395 3221235952
393 396 3221235968
393 397 3221235984
393 421 3221236000
393 422 3221236016
393 424 3221236032
393 433 3221236048
393 434 3221236064
393 533 3221236080
393 546 3221236096
393 607 3221236112
393 612 3221236128
393 643 3221236144
393 719 3221236160
393 761 3221236176
393 932 3221236192
393 947 3221236208
393 950 3221236224
394 14 3221236240
394 53 3221236256
394 60 3221236272
394 61 3221236288
394 103 3221236304
394 104 3221236320
394 160 3221236336
394 179 3221236352
394 181 3221236368
394 182 3221236384
394 250 3221236400
394 295 3221236416
394 320 3221236432
394 321 3221236448
394 368 3221236464
394 376 3221236480
394 377 3221236496
394 379 3221236512
394 381 3221236528
394 385 3221236544
394 388 3221236560
394 389 3221236576
394 390 3221236592
394 393 3221236608
394 394 3221236624
394 397 3221236640
394 486 3221236656
394 628 3221236672
394 947 3221236688
395 16 3221236704
395 64 3221236720
395 80 3221236736
395 82 3221236752
395 86 3221236768
395 104 3221236784
395 121 3221236800
395 157 3221236816
395 164 3221236832
395 174 3221236848
395 181 3221236864
395 201 3221236880
395 250 3221236896
395 295 3221236912
395 296 3221236928
395 368 3221236944
395 376 3221236960
395 379 3221236976
395 385 3221236992
395 389 3221237008
395 390 3221237024
395 393 3221237040
395 395 3221237056
395 396 3221237072
395 494 3221237088
395 719 3221237104
395 908 3221237120
396 379 3221237136
397 6 3221237152
397 52 3221237168
397 53 3221237184
397 64 3221237200
397 103 3221237216
397 122 3221237232
397 157 3221237248
397 179 3221237264
397 181 3221237280
397 295 3221237296
397 296 3221237312
397 320 3221237328
397 368 3221237344
397 376 3221237360
397 378 3221237376
397 379 3221237392
397 380 3221237408
397 381 3221237424
397 389 3221237440
397 390 3221237456
397 393 3221237472
397 394 3221237488
397 397 3221237504
397 458 3221237520
397 546 3221237536
397 632 3221237552
397 719 3221237568
397 841 3221237584
397 869 3221237600
399 93 3221237616
399 129 3221237632
399 168 3221237648
399 183 3221237664
399 199 3221237680
399 457 3221237696
399 493 3221237712
399 526 3221237728
400 10 3221237744
400 11 3221237760
400 20 3221237776
400 21 3221237792
400 64 3221237808
400 68 3221237824
400 69 3221237840
400 74 3221237856
400 81 3221237872
400 86 3221237888
400 92 3221237904
400 96 3221237920
400 105 3221237936
400 106 3221237952
400 107 3221237968
400 160 3221237984
400 173 3221238000
400 215 3221238016
400 222 3221238032
400 259 3221238048
400 260 3221238064
400 309 3221238080
400 325 3221238096
400 327 3221238112
400 336 3221238128
400 400 3221238144
400 411 3221238160
400 509 3221238176
400 560 3221238192
400 678 3221238208
400 728 3221238224
401 44 3221238240
401 65 3221238256
401 82 3221238272
401 129 3221238288
401 130 3221238304
401 148 3221238320
401 160 3221238336
401 172 3221238352
401 183 3221238368
401 249 3221238384
401 256 3221238400
401 257 3221238416
401 276 3221238432
401 289 3221238448
401 294 3221238464
401 362 3221238480
401 365 3221238496
401 399 3221238512
401 401 3221238528
401 425 3221238544
401 426 3221238560
401 430 3221238576
401 434 3221238592
401 457 3221238608
401 493 3221238624
401 526 3221238640
401 542 3221238656
401 543 3221238672
401 562 3221238688
401 568 3221238704
401 574 3221238720
401 621 3221238736
401 664 3221238752
401 705 3221238768
401 712 3221238784
401 714 3221238800
401 791 3221238816
401 835 3221238832
401 870 3221238848
401 873 3221238864
401 874 3221238880
402 402 3221238896
403 129 3221238912
403 168 3221238928
403 221 3221238944
403 291 3221238960
403 403 3221238976
403 473 3221238992
403 493 3221239008
403 526 3221239024
404 15 3221239040
404 16 3221239056
404 45 3221239072
404 58 3221239088
404 62 3221239104
404 82 3221239120
404 83 3221239136
404 84 3221239152
404 86 3221239168
404 87 3221239184
404 97 3221239200
404 98 3221239216
404 99 3221239232
404 100 3221239248
404 101 3221239264
404 105 3221239280
404 107 3221239296
404 115 3221239312
404 121 3221239328
404 124 3221239344
404 125 3221239360
404 142 3221239376
404 145 3221239392
404 152 3221239408
404 154 3221239424
404 160 3221239440
404 162 3221239456
404 166 3221239472
404 173 3221239488
404 185 3221239504
404 212 3221239520
404 217 3221239536
404 233 3221239552
404 249 3221239568
404 254 3221239584
404 269 3221239600
404 282 3221239616
404 301 3221239632
404 323 3221239648
404 353 3221239664
404 354 3221239680
404 357 3221239696
404 366 3221239712
404 371 3221239728
404 372 3221239744
404 373 3221239760
404 404 3221239776
404 412 3221239792
404 420 3221239808
404 421 3221239824
404 422 3221239840
404 424 3221239856
404 434 3221239872
404 474 3221239888
404 494 3221239904
404 518 3221239920
404 532 3221239936
404 533 3221239952
404 546 3221239968
404 586 3221239984
404 601 3221240000
404 612 3221240016
404 615 3221240032
404 618 3221240048
404 640 3221240064
404 643 3221240080
404 654 3221240096
404 662 3221240112
404 687 3221240128
404 708 3221240144
404 709 3221240160
404 768 3221240176
404 896 3221240192
404 932 3221240208
404 937 3221240224
404 950 3221240240
404 963 3221240256
405 3 3221240272
405 4 3221240288
405 5 3221240304
405 10 3221240320
405 15 3221240336
405 16 3221240352
405 19 3221240368
405 21 3221240384
405 28 3221240400
405 42 3221240416
405 44 3221240432
405 45 3221240448
405 46 3221240464
405 62 3221240480
405 63 3221240496
405 64 3221240512
405 78 3221240528
405 81 3221240544
405 83 3221240560
405 87 3221240576
405 89 3221240592
405 102 3221240608
405 105 3221240624
405 106 3221240640
405 107 3221240656
405 108 3221240672
405 114 3221240688
405 115 3221240704
405 116 3221240720
405 121 3221240736
405 124 3221240752
405 126 3221240768
405 128 3221240784
405 129 3221240800
405 132 3221240816
405 133 3221240832
405 142 3221240848
405 143 3221240864
405 145 3221240880
405 158 3221240896
405 160 3221240912
405 161 3221240928
405 162 3221240944
405 169 3221240960
405 173 3221240976
405 174 3221240992
405 183 3221241008
405 187 3221241024
405 194 3221241040
405 210 3221241056
405 211 3221241072
405 221 3221241088
405 226 3221241104
405 227 3221241120
405 245 3221241136
405 249 3221241152
405 255 3221241168
405 256 3221241184
405 263 3221241200
405 268 3221241216
405 274 3221241232
405 278 3221241248
405 280 3221241264
405 282 3221241280
405 283 3221241296
405 288 3221241312
405 290 3221241328
405 296 3221241344
405 300 3221241360
405 303 3221241376
405 304 3221241392
405 308 3221241408
405 314 3221241424
405 329 3221241440
405 333 3221241456
405 340 3221241472
405 355 3221241488
405 356 3221241504
405 362 3221241520
405 365 3221241536
405 367 3221241552
405 371 3221241568
405 375 3221241584
405 405 3221241600
405 419 3221241616
405 434 3221241632
405 438 3221241648
405 456 3221241664
405 480 3221241680
405 489 3221241696
405 490 3221241712
405 493 3221241728
405 495 3221241744
405 498 3221241760
405 518 3221241776
405 531 3221241792
405 541 3221241808
405 543 3221241824
405 548 3221241840
405 601 3221241856
405 642 3221241872
405 748 3221241888
405 758 3221241904
405 796 3221241920
405 828 3221241936
405 856 3221241952
405 889 3221241968
405 891 3221241984
405 892 3221242000
405 896 3221242016
406 11 3221242032
406 43 3221242048
406 44 3221242064
406 332 3221242080
406 358 3221242096
406 406 3221242112
406 407 3221242128
406 499 3221242144
406 500 3221242160
406 501 3221242176
406 502 3221242192
406 503 3221242208
406 504 3221242224
406 505 3221242240
406 506 3221242256
406 525 3221242272
406 672 3221242288
406 699 3221242304
407 7 3221242320
407 44 3221242336
407 141 3221242352
407 358 3221242368
407 406 3221242384
407 494 3221242400
407 502 3221242416
407 503 3221242432
407 504 3221242448
407 505 3221242464
407 506 3221242480
407 525 3221242496
407 526 3221242512
407 566 3221242528
408 2 3221242544
408 3 3221242560
408 4 3221242576
408 5 3221242592
408 6 3221242608
408 57 3221242624
408 58 3221242640
408 59 3221242656
408 63 3221242672
408 89 3221242688
408 96 3221242704
408 126 3221242720
408 130 3221242736
408 137 3221242752
408 138 3221242768
408 192 3221242784
408 193 3221242800
408 194 3221242816
408 208 3221242832
408 211 3221242848
408 212 3221242864
408 215 3221242880
408 252 3221242896
408 271 3221242912
408 281 3221242928
408 285 3221242944
408 286 3221242960
408 305 3221242976
408 408 3221242992
408 411 3221243008
408 412 3221243024
408 420 3221243040
408 434 3221243056
408 462 3221243072
408 473 3221243088
408 489 3221243104
408 516 3221243120
408 517 3221243136
408 520 3221243152
408 533 3221243168
408 552 3221243184
408 571 3221243200
408 586 3221243216
408 587 3221243232
408 625 3221243248
408 685 3221243264
408 826 3221243280
408 832 3221243296
408 859 3221243312
408 880 3221243328
408 990 3221243344
408 993 3221243360
409 2 3221243376
409 10 3221243392
409 13 3221243408
409 21 3221243424
409 23 3221243440
409 25 3221243456
409 27 3221243472
409 28 3221243488
409 29 3221243504
409 30 3221243520
409 33 3221243536
409 35 3221243552
409 36 3221243568
409 38 3221243584
409 39 3221243600
409 40 3221243616
409 47 3221243632
409 51 3221243648
409 65 3221243664
409 69 3221243680
409 81 3221243696
409 90 3221243712
409 93 3221243728
409 108 3221243744
409 117 3221243760
409 118 3221243776
409 128 3221243792
409 135 3221243808
409 138 3221243824
409 140 3221243840
409 151 3221243856
409 165 3221243872
409 169 3221243888
409 171 3221243904
409 177 3221243920
409 184 3221243936
409 190 3221243952
409 197 3221243968
409 207 3221243984
409 225 3221244000
409 244 3221244016
409 272 3221244032
409 278 3221244048
409 280 3221244064
409 292 3221244080
409 305 3221244096
409 306 3221244112
409 316 3221244128
409 318 3221244144
409 325 3221244160
409 326 3221244176
409 336 3221244192
409 338 3221244208
409 346 3221244224
409 357 3221244240
409 371 3221244256
409 390 3221244272
409 409 3221244288
409 417 3221244304
409 418 3221244320
409 420 3221244336
409 421 3221244352
409 428 3221244368
409 443 3221244384
409 447 3221244400
409 448 3221244416
409 450 3221244432
409 457 3221244448
409 464 3221244464
409 474 3221244480
409 497 3221244496
409 504 3221244512
409 506 3221244528
409 515 3221244544
409 555 3221244560
409 581 3221244576
409 590 3221244592
409 624 3221244608
409 667 3221244624
409 710 3221244640
409 776 3221244656
409 785 3221244672
409 800 3221244688
409 945 3221244704
410 62 3221244720
410 82 3221244736
410 183 3221244752
410 258 3221244768
410 286 3221244784
410 329 3221244800
410 356 3221244816
410 490 3221244832
411 2 3221244848
411 3 3221244864
411 4 3221244880
411 5 3221244896
411 6 3221244912
411 24 3221244928
411 54 3221244944
411 55 3221244960
411 57 3221244976
411 58 3221244992
411 63 3221245008
411 64 3221245024
411 88 3221245040
411 89 3221245056
411 96 3221245072
411 114 3221245088
411 115 3221245104
411 116 3221245120
411 123 3221245136
411 126 3221245152
411 131 3221245168
411 132 3221245184
411 163 3221245200
411 166 3221245216
411 170 3221245232
411 174 3221245248
411 183 3221245264
411 192 3221245280
411 193 3221245296
411 194 3221245312
411 195 3221245328
411 208 3221245344
411 209 3221245360
411 211 3221245376
411 215 3221245392
411 243 3221245408
411 252 3221245424
411 261 3221245440
411 271 3221245456
411 281 3221245472
411 282 3221245488
411 283 3221245504
411 285 3221245520
411 286 3221245536
411 303 3221245552
411 304 3221245568
411 305 3221245584
411 308 3221245600
411 318 3221245616
411 323 3221245632
411 333 3221245648
411 338 3221245664
411 375 3221245680
411 400 3221245696
411 405 3221245712
411 408 3221245728
411 411 3221245744
411 412 3221245760
411 430 3221245776
411 434 3221245792
411 438 3221245808
411 455 3221245824
411 460 3221245840
411 462 3221245856
411 469 3221245872
411 481 3221245888
411 498 3221245904
411 506 3221245920
411 511 3221245936
411 516 3221245952
411 517 3221245968
411 537 3221245984
411 552 3221246000
411 597 3221246016
411 604 3221246032
411 646 3221246048
411 683 3221246064
411 698 3221246080
411 717 3221246096
411 728 3221246112
411 738 3221246128
411 784 3221246144
411 809 3221246160
411 816 3221246176
411 859 3221246192
411 864 3221246208
411 866 3221246224
411 867 3221246240
411 900 3221246256
411 949 3221246272
411 976 3221246288
411 981 3221246304
411 986 3221246320
411 987 3221246336
411 988 3221246352
412 2 3221246368
412 3 3221246384
412 4 3221246400
412 6 3221246416
412 54 3221246432
412 55 3221246448
412 56 3221246464
412 57 3221246480
412 58 3221246496
412 59 3221246512
412 63 3221246528
412 81 3221246544
412 87 3221246560
412 89 3221246576
412 102 3221246592
412 105 3221246608
412 137 3221246624
412 138 3221246640
412 162 3221246656
412 164 3221246672
412 192 3221246688
412 193 3221246704
412 194 3221246720
412 195 3221246736
412 211 3221246752
412 243 3221246768
412 252 3221246784
412 256 3221246800
412 271 3221246816
412 281 3221246832
412 285 3221246848
412 286 3221246864
412 303 3221246880
412 305 3221246896
412 404 3221246912
412 408 3221246928
412 411 3221246944
412 412 3221246960
412 434 3221246976
412 473 3221246992
412 481 3221247008
412 520 3221247024
412 552 3221247040
412 586 3221247056
412 587 3221247072
412 625 3221247088
412 665 3221247104
412 683 3221247120
412 698 3221247136
412 738 3221247152
412 803 3221247168
412 809 3221247184
412 812 3221247200
412 820 3221247216
412 826 3221247232
412 832 3221247248
412 845 3221247264
412 859 3221247280
412 865 3221247296
412 884 3221247312
412 888 3221247328
412 921 3221247344
412 971 3221247360
412 991 3221247376
413 65 3221247392
413 93 3221247408
413 129 3221247424
413 143 3221247440
413 168 3221247456
413 172 3221247472
413 176 3221247488
413 177 3221247504
413 178 3221247520
413 200 3221247536
413 214 3221247552
413 232 3221247568
413 275 3221247584
413 413 3221247600
413 426 3221247616
413 440 3221247632
413 450 3221247648
413 458 3221247664
413 493 3221247680
413 515 3221247696
413 526 3221247712
413 542 3221247728
413 562 3221247744
413 714 3221247760
413 840 3221247776
414 370 3221247792
414 414 3221247808
414 415 3221247824
414 443 3221247840
414 449 3221247856
414 479 3221247872
414 603 3221247888
414 605 3221247904
414 645 3221247920
414 697 3221247936
414 916 3221247952
415 86 3221247968
415 697 3221247984
415 852 3221248000
416 327 3221248016
417 5 3221248032
417 23 3221248048
417 27 3221248064
417 29 3221248080
417 30 3221248096
417 32 3221248112
417 40 3221248128
417 47 3221248144
417 48 3221248160
417 62 3221248176
417 76 3221248192
417 79 3221248208
417 86 3221248224
417 96 3221248240
417 107 3221248256
417 113 3221248272
417 114 3221248288
417 116 3221248304
417 136 3221248320
417 151 3221248336
417 160 3221248352
417 162 3221248368
417 165 3221248384
417 170 3221248400
417 171 3221248416
417 176 3221248432
417 183 3221248448
417 245 3221248464
417 251 3221248480
417 258 3221248496
417 263 3221248512
417 318 3221248528
417 333 3221248544
417 339 3221248560
417 361 3221248576
417 367 3221248592
417 409 3221248608
417 417 3221248624
417 423 3221248640
417 434 3221248656
417 437 3221248672
417 438 3221248688
417 442 3221248704
417 443 3221248720
417 444 3221248736
417 455 3221248752
417 485 3221248768
417 494 3221248784
417 547 3221248800
417 725 3221248816
417 795 3221248832
417 847 3221248848
417 895 3221248864
417 925 3221248880
417 976 3221248896
418 6 3221248912
418 62 3221248928
418 68 3221248944
418 69 3221248960
418 81 3221248976
418 129 3221248992
418 142 3221249008
418 183 3221249024
418 184 3221249040
418 190 3221249056
418 287 3221249072
418 299 3221249088
418 314 3221249104
418 467 3221249120
418 473 3221249136
418 509 3221249152
418 549 3221249168
418 582 3221249184
418 710 3221249200
418 747 3221249216
419 5 3221249232
419 12 3221249248
419 14 3221249264
419 18 3221249280
419 28 3221249296
419 44 3221249312
419 45 3221249328
419 62 3221249344
419 63 3221249360
419 64 3221249376
419 68 3221249392
419 74 3221249408
419 78 3221249424
419 79 3221249440
419 81 3221249456
419 84 3221249472
419 91 3221249488
419 101 3221249504
419 106 3221249520
419 113 3221249536
419 114 3221249552
419 121 3221249568
419 128 3221249584
419 129 3221249600
419 131 3221249616
419 133 3221249632
419 143 3221249648
419 154 3221249664
419 161 3221249680
419 168 3221249696
419 169 3221249712
419 170 3221249728
419 172 3221249744
419 180 3221249760
419 183 3221249776
419 184 3221249792
419 199 3221249808
419 211 3221249824
419 214 3221249840
419 221 3221249856
419 249 3221249872
419 253 3221249888
419 255 3221249904
419 256 3221249920
419 263 3221249936
419 270 3221249952
419 280 3221249968
419 290 3221249984
419 296 3221250000
419 300 3221250016
419 302 3221250032
419 329 3221250048
419 333 3221250064
419 336 3221250080
419 337 3221250096
419 340 3221250112
419 351 3221250128
419 356 3221250144
419 365 3221250160
419 371 3221250176
419 405 3221250192
419 419 3221250208
419 434 3221250224
419 445 3221250240
419 450 3221250256
419 460 3221250272
419 462 3221250288
419 468 3221250304
419 473 3221250320
419 474 3221250336
419 482 3221250352
419 489 3221250368
419 490 3221250384
419 493 3221250400
419 495 3221250416
419 497 3221250432
419 526 3221250448
419 531 3221250464
419 542 3221250480
419 554 3221250496
419 591 3221250512
419 607 3221250528
419 611 3221250544
419 642 3221250560
419 652 3221250576
419 655 3221250592
419 714 3221250608
419 777 3221250624
419 789 3221250640
419 848 3221250656
419 932 3221250672
420 5 3221250688
420 11 3221250704
420 12 3221250720
420 13 3221250736
420 18 3221250752
420 19 3221250768
420 20 3221250784
420 21 3221250800
420 28 3221250816
420 29 3221250832
420 30 3221250848
420 53 3221250864
420 60 3221250880
420 63 3221250896
420 64 3221250912
420 68 3221250928
420 69 3221250944
420 78 3221250960
420 79 3221250976
420 81 3221250992
420 82 3221251008
420 83 3221251024
420 99 3221251040
420 105 3221251056
420 106 3221251072
420 114 3221251088
420 116 3221251104
420 118 3221251120
420 121 3221251136
420 123 3221251152
420 128 3221251168
420 133 3221251184
420 137 3221251200
420 139 3221251216
420 141 3221251232
420 143 3221251248
420 152 3221251264
420 163 3221251280
420 165 3221251296
420 166 3221251312
420 172 3221251328
420 174 3221251344
420 184 3221251360
420 186 3221251376
420 188 3221251392
420 189 3221251408
420 190 3221251424
420 191 3221251440
420 209 3221251456
420 210 3221251472
420 211 3221251488
420 212 3221251504
420 218 3221251520
420 222 3221251536
420 230 3221251552
420 235 3221251568
420 244 3221251584
420 249 3221251600
420 256 3221251616
420 269 3221251632
420 278 3221251648
420 280 3221251664
420 282 3221251680
420 283 3221251696
420 285 3221251712
420 293 3221251728
420 296 3221251744
420 301 3221251760
420 304 3221251776
420 305 3221251792
420 314 3221251808
420 325 3221251824
420 326 3221251840
420 337 3221251856
420 340 3221251872
420 362 3221251888
420 363 3221251904
420 367 3221251920
420 402 3221251936
420 404 3221251952
420 408 3221251968
420 409 3221251984
420 430 3221252000
420 434 3221252016
420 450 3221252032
420 452 3221252048
420 458 3221252064
420 464 3221252080
420 474 3221252096
420 494 3221252112
420 511 3221252128
420 520 3221252144
420 526 3221252160
420 531 3221252176
420 541 3221252192
420 568 3221252208
420 581 3221252224
420 624 3221252240
420 641 3221252256
420 651 3221252272
420 654 3221252288
420 661 3221252304
420 666 3221252320
420 669 3221252336
420 820 3221252352
420 854 3221252368
421 7 3221252384
421 86 3221252400
421 213 3221252416
421 268 3221252432
421 362 3221252448
421 365 3221252464
421 421 3221252480
421 434 3221252496
421 466 3221252512
421 481 3221252528
421 487 3221252544
421 496 3221252560
421 525 3221252576
421 529 3221252592
421 765 3221252608
421 856 3221252624
422 7 3221252640
422 17 3221252656
422 19 3221252672
422 21 3221252688
422 23 3221252704
422 58 3221252720
422 82 3221252736
422 87 3221252752
422 115 3221252768
422 129 3221252784
422 131 3221252800
422 145 3221252816
422 154 3221252832
422 163 3221252848
422 180 3221252864
422 184 3221252880
422 212 3221252896
422 244 3221252912
422 248 3221252928
422 269 3221252944
422 272 3221252960
422 333 3221252976
422 393 3221252992
422 404 3221253008
422 424 3221253024
422 427 3221253040
422 473 3221253056
422 474 3221253072
422 493 3221253088
422 513 3221253104
422 518 3221253120
422 533 3221253136
422 546 3221253152
422 601 3221253168
422 615 3221253184
422 819 3221253200
422 820 3221253216
422 950 3221253232
423 5 3221253248
423 13 3221253264
423 47 3221253280
423 48 3221253296
423 62 3221253312
423 76 3221253328
423 89 3221253344
423 96 3221253360
423 113 3221253376
423 114 3221253392
423 121 3221253408
423 171 3221253424
423 176 3221253440
423 245 3221253456
423 263 3221253472
423 301 3221253488
423 303 3221253504
423 318 3221253520
423 333 3221253536
423 361 3221253552
423 370 3221253568
423 417 3221253584
423 423 3221253600
423 438 3221253616
423 442 3221253632
423 443 3221253648
423 444 3221253664
423 455 3221253680
423 482 3221253696
423 485 3221253712
423 527 3221253728
423 547 3221253744
423 847 3221253760
423 925 3221253776
423 976 3221253792
423 981 3221253808
424 4 3221253824
424 15 3221253840
424 16 3221253856
424 28 3221253872
424 30 3221253888
424 31 3221253904
424 44 3221253920
424 45 3221253936
424 46 3221253952
424 58 3221253968
424 62 3221253984
424 68 3221254000
424 69 3221254016
424 74 3221254032
424 78 3221254048
424 80 3221254064
424 81 3221254080
424 82 3221254096
424 83 3221254112
424 87 3221254128
424 93 3221254144
424 99 3221254160
424 100 3221254176
424 105 3221254192
424 106 3221254208
424 109 3221254224
424 113 3221254240
424 114 3221254256
424 115 3221254272
424 121 3221254288
424 124 3221254304
424 125 3221254320
424 128 3221254336
424 132 3221254352
424 139 3221254368
424 142 3221254384
424 147 3221254400
424 151 3221254416
424 160 3221254432
424 164 3221254448
424 170 3221254464
424 174 3221254480
424 183 3221254496
424 188 3221254512
424 196 3221254528
424 209 3221254544
424 210 3221254560
424 211 3221254576
424 212 3221254592
424 222 3221254608
424 233 3221254624
424 237 3221254640
424 240 3221254656
424 245 3221254672
424 249 3221254688
424 256 3221254704
424 258 3221254720
424 263 3221254736
424 269 3221254752
424 274 3221254768
424 280 3221254784
424 282 3221254800
424 283 3221254816
424 290 3221254832
424 295 3221254848
424 303 3221254864
424 304 3221254880
424 308 3221254896
424 311 3221254912
424 316 3221254928
424 326 3221254944
424 329 3221254960
424 337 3221254976
424 338 3221254992
424 340 3221255008
424 355 3221255024
424 356 3221255040
424 357 3221255056
424 367 3221255072
424 375 3221255088
424 393 3221255104
424 395 3221255120
424 401 3221255136
424 404 3221255152
424 405 3221255168
424 422 3221255184
424 424 3221255200
424 429 3221255216
424 434 3221255232
424 445 3221255248
424 448 3221255264
424 462 3221255280
424 464 3221255296
424 474 3221255312
424 483 3221255328
424 493 3221255344
424 495 3221255360
424 497 3221255376
424 509 3221255392
424 527 3221255408
424 543 3221255424
424 552 3221255440
424 589 3221255456
424 612 3221255472
424 641 3221255488
424 695 3221255504
424 738 3221255520
424 748 3221255536
424 758 3221255552
424 783 3221255568
424 820 3221255584
424 880 3221255600
424 950 3221255616
425 4 3221255632
425 65 3221255648
425 86 3221255664
425 90 3221255680
425 129 3221255696
425 130 3221255712
425 256 3221255728
425 257 3221255744
425 289 3221255760
425 294 3221255776
425 401 3221255792
425 403 3221255808
425 425 3221255824
425 426 3221255840
425 430 3221255856
425 457 3221255872
425 513 3221255888
425 526 3221255904
425 543 3221255920
425 562 3221255936
425 567 3221255952
425 568 3221255968
425 574 3221255984
425 621 3221256000
425 664 3221256016
425 705 3221256032
425 714 3221256048
425 791 3221256064
425 835 3221256080
425 870 3221256096
425 873 3221256112
425 874 3221256128
426 62 3221256144
426 65 3221256160
426 82 3221256176
426 86 3221256192
426 92 3221256208
426 93 3221256224
426 113 3221256240
426 114 3221256256
426 121 3221256272
426 129 3221256288
426 130 3221256304
426 133 3221256320
426 160 3221256336
426 166 3221256352
426 168 3221256368
426 172 3221256384
426 183 3221256400
426 206 3221256416
426 231 3221256432
426 232 3221256448
426 245 3221256464
426 257 3221256480
426 263 3221256496
426 270 3221256512
426 280 3221256528
426 283 3221256544
426 285 3221256560
426 290 3221256576
426 292 3221256592
426 306 3221256608
426 318 3221256624
426 391 3221256640
426 401 3221256656
426 403 3221256672
426 423 3221256688
426 425 3221256704
426 426 3221256720
426 440 3221256736
426 450 3221256752
426 457 3221256768
426 458 3221256784
426 486 3221256800
426 493 3221256816
426 518 3221256832
426 526 3221256848
426 562 3221256864
426 568 3221256880
426 572 3221256896
426 621 3221256912
426 714 3221256928
426 840 3221256944
426 956 3221256960
427 23 3221256976
427 31 3221256992
427 40 3221257008
427 47 3221257024
427 48 3221257040
427 62 3221257056
427 82 3221257072
427 86 3221257088
427 87 3221257104
427 96 3221257120
427 105 3221257136
427 107 3221257152
427 115 3221257168
427 119 3221257184
427 121 3221257200
427 142 3221257216
427 145 3221257232
427 151 3221257248
427 160 3221257264
427 162 3221257280
427 165 3221257296
427 166 3221257312
427 169 3221257328
427 170 3221257344
427 212 3221257360
427 249 3221257376
427 252 3221257392
427 261 3221257408
427 282 3221257424
427 333 3221257440
427 339 3221257456
427 367 3221257472
427 427 3221257488
427 431 3221257504
427 434 3221257520
427 438 3221257536
427 443 3221257552
427 460 3221257568
427 470 3221257584
427 546 3221257600
427 612 3221257616
427 615 3221257632
427 651 3221257648
427 655 3221257664
427 932 3221257680
427 950 3221257696
427 980 3221257712
428 15 3221257728
428 45 3221257744
428 46 3221257760
428 139 3221257776
428 140 3221257792
428 164 3221257808
428 216 3221257824
428 269 3221257840
428 272 3221257856
428 273 3221257872
428 274 3221257888
428 301 3221257904
428 322 3221257920
428 335 3221257936
428 428 3221257952
428 429 3221257968
428 446 3221257984
428 447 3221258000
428 461 3221258016
428 579 3221258032
428 592 3221258048
428 651 3221258064
428 676 3221258080
429 6 3221258096
429 15 3221258112
429 45 3221258128
429 46 3221258144
429 100 3221258160
429 107 3221258176
429 124 3221258192
429 139 3221258208
429 140 3221258224
429 160 3221258240
429 164 3221258256
429 166 3221258272
429 216 3221258288
429 269 3221258304
429 273 3221258320
429 274 3221258336
429 301 3221258352
429 322 3221258368
429 334 3221258384
429 335 3221258400
429 428 3221258416
429 429 3221258432
429 446 3221258448
429 447 3221258464
429 448 3221258480
429 461 3221258496
429 579 3221258512
429 592 3221258528
429 929 3221258544
429 933 3221258560
430 5 3221258576
430 7 3221258592
430 8 3221258608
430 11 3221258624
430 12 3221258640
430 14 3221258656
430 19 3221258672
430 44 3221258688
430 62 3221258704
430 64 3221258720
430 65 3221258736
430 83 3221258752
430 86 3221258768
430 128 3221258784
430 129 3221258800
430 141 3221258816
430 160 3221258832
430 166 3221258848
430 183 3221258864
430 211 3221258880
430 246 3221258896
430 249 3221258912
430 280 3221258928
430 308 3221258944
430 360 3221258960
430 362 3221258976
430 365 3221258992
430 411 3221259008
430 420 3221259024
430 421 3221259040
430 430 3221259056
430 441 3221259072
430 462 3221259088
430 498 3221259104
430 501 3221259120
430 504 3221259136
430 506 3221259152
430 533 3221259168
430 543 3221259184
430 565 3221259200
430 672 3221259216
430 765 3221259232
430 856 3221259248
430 956 3221259264
431 4 3221259280
431 50 3221259296
431 71 3221259312
431 80 3221259328
431 84 3221259344
431 152 3221259360
431 160 3221259376
431 166 3221259392
431 217 3221259408
431 372 3221259424
431 431 3221259440
432 217 3221259456
433 49 3221259472
433 50 3221259488
433 70 3221259504
433 71 3221259520
433 84 3221259536
433 144 3221259552
433 152 3221259568
433 162 3221259584
433 180 3221259600
433 186 3221259616
433 217 3221259632
433 288 3221259648
433 364 3221259664
433 372 3221259680
433 405 3221259696
433 431 3221259712
433 432 3221259728
433 433 3221259744
433 434 3221259760
