186 31 1610612736
186 62 1610612752
186 70 1610612768
186 82 1610612784
186 121 1610612800
186 129 1610612816
186 152 1610612832
186 165 1610612848
186 186 1610612864
186 254 1610612880
186 283 1610612896
186 345 1610612912
186 363 1610612928
186 420 1610612944
186 433 1610612960
186 450 1610612976
186 490 1610612992
186 531 1610613008
186 654 1610613024
186 932 1610613040
187 1 1610613056
187 16 1610613072
187 20 1610613088
187 21 1610613104
187 42 1610613120
187 62 1610613136
187 69 1610613152
187 74 1610613168
187 80 1610613184
187 87 1610613200
187 105 1610613216
187 106 1610613232
187 107 1610613248
187 121 1610613264
187 129 1610613280
187 142 1610613296
187 152 1610613312
187 155 1610613328
187 160 1610613344
187 166 1610613360
187 183 1610613376
187 184 1610613392
187 189 1610613408
187 215 1610613424
187 222 1610613440
187 249 1610613456
187 256 1610613472
187 283 1610613488
187 300 1610613504
187 316 1610613520
187 329 1610613536
187 363 1610613552
187 365 1610613568
187 405 1610613584
187 418 1610613600
187 434 1610613616
187 459 1610613632
187 473 1610613648
187 518 1610613664
187 533 1610613680
187 546 1610613696
187 549 1610613712
187 550 1610613728
187 663 1610613744
187 667 1610613760
187 671 1610613776
187 679 1610613792
187 710 1610613808
187 932 1610613824
188 20 1610613840
188 21 1610613856
188 42 1610613872
188 69 1610613888
188 74 1610613904
188 80 1610613920
188 106 1610613936
188 129 1610613952
188 145 1610613968
188 155 1610613984
188 170 1610614000
188 183 1610614016
188 184 1610614032
188 189 1610614048
188 215 1610614064
188 222 1610614080
188 282 1610614096
188 311 1610614112
188 363 1610614128
188 366 1610614144
188 418 1610614160
188 420 1610614176
188 459 1610614192
188 473 1610614208
188 495 1610614224
188 508 1610614240
188 518 1610614256
188 533 1610614272
188 549 1610614288
188 663 1610614304
188 667 1610614320
188 671 1610614336
188 679 1610614352
188 710 1610614368
189 1 1610614384
189 5 1610614400
189 20 1610614416
189 21 1610614432
189 62 1610614448
189 69 1610614464
189 80 1610614480
189 81 1610614496
189 82 1610614512
189 86 1610614528
189 106 1610614544
189 121 1610614560
189 184 1610614576
189 188 1610614592
189 189 1610614608
189 215 1610614624
189 222 1610614640
189 225 1610614656
189 301 1610614672
189 311 1610614688
189 377 1610614704
189 418 1610614720
189 420 1610614736
189 434 1610614752
189 459 1610614768
189 467 1610614784
189 473 1610614800
189 508 1610614816
189 533 1610614832
189 549 1610614848
189 550 1610614864
189 663 1610614880
189 667 1610614896
189 671 1610614912
189 679 1610614928
189 710 1610614944
189 911 1610614960
189 966 1610614976
190 13 1610614992
190 16 1610615008
190 42 1610615024
190 62 1610615040
190 69 1610615056
190 86 1610615072
190 87 1610615088
190 105 1610615104
190 106 1610615120
190 108 1610615136
190 121 1610615152
190 160 1610615168
190 162 1610615184
190 184 1610615200
190 189 1610615216
190 282 1610615232
190 296 1610615248
190 299 1610615264
190 311 1610615280
190 366 1610615296
190 418 1610615312
190 420 1610615328
190 459 1610615344
190 473 1610615360
190 509 1610615376
190 533 1610615392
191 5 1610615408
191 6 1610615424
191 64 1610615440
191 83 1610615456
191 86 1610615472
191 122 1610615488
191 130 1610615504
191 142 1610615520
191 148 1610615536
191 149 1610615552
191 150 1610615568
191 156 1610615584
191 157 1610615600
191 160 1610615616
191 166 1610615632
191 178 1610615648
191 179 1610615664
191 180 1610615680
191 191 1610615696
191 207 1610615712
191 212 1610615728
191 214 1610615744
191 231 1610615760
191 256 1610615776
191 262 1610615792
191 277 1610615808
191 278 1610615824
191 282 1610615840
191 283 1610615856
191 284 1610615872
191 342 1610615888
191 343 1610615904
191 344 1610615920
191 345 1610615936
191 346 1610615952
191 347 1610615968
191 348 1610615984
191 349 1610616000
191 350 1610616016
191 351 1610616032
191 352 1610616048
191 365 1610616064
191 379 1610616080
191 420 1610616096
191 434 1610616112
191 511 1610616128
191 528 1610616144
191 601 1610616160
191 645 1610616176
191 681 1610616192
191 682 1610616208
191 824 1610616224
191 851 1610616240
191 857 1610616256
191 903 1610616272
191 907 1610616288
192 2 1610616304
192 3 1610616320
192 4 1610616336
192 58 1610616352
192 59 1610616368
192 102 1610616384
192 132 1610616400
192 192 1610616416
192 193 1610616432
192 194 1610616448
192 195 1610616464
192 271 1610616480
192 323 1610616496
192 411 1610616512
192 412 1610616528
192 516 1610616544
192 517 1610616560
192 807 1610616576
193 2 1610616592
193 3 1610616608
193 4 1610616624
193 6 1610616640
193 55 1610616656
193 57 1610616672
193 58 1610616688
193 59 1610616704
193 63 1610616720
193 160 1610616736
193 193 1610616752
193 194 1610616768
193 195 1610616784
193 252 1610616800
193 408 1610616816
193 411 1610616832
193 412 1610616848
193 803 1610616864
193 812 1610616880
193 826 1610616896
193 832 1610616912
193 845 1610616928
193 859 1610616944
193 990 1610616960
194 2 1610616976
194 3 1610616992
194 4 1610617008
194 5 1610617024
194 6 1610617040
194 54 1610617056
194 55 1610617072
194 56 1610617088
194 58 1610617104
194 59 1610617120
194 63 1610617136
194 132 1610617152
194 137 1610617168
194 192 1610617184
194 193 1610617200
194 194 1610617216
194 195 1610617232
194 208 1610617248
194 238 1610617264
194 252 1610617280
194 305 1610617296
194 411 1610617312
194 412 1610617328
194 586 1610617344
194 587 1610617360
194 685 1610617376
194 698 1610617392
194 803 1610617408
194 815 1610617424
194 826 1610617440
194 832 1610617456
194 859 1610617472
194 865 1610617488
194 990 1610617504
195 2 1610617520
195 3 1610617536
195 4 1610617552
195 5 1610617568
195 6 1610617584
195 57 1610617600
195 58 1610617616
195 59 1610617632
195 63 1610617648
195 160 1610617664
195 162 1610617680
195 174 1610617696
195 192 1610617712
195 193 1610617728
195 194 1610617744
195 195 1610617760
195 208 1610617776
195 252 1610617792
195 286 1610617808
195 305 1610617824
195 412 1610617840
195 516 1610617856
195 517 1610617872
195 520 1610617888
195 533 1610617904
195 552 1610617920
195 586 1610617936
195 738 1610617952
195 803 1610617968
195 809 1610617984
195 826 1610618000
195 832 1610618016
195 859 1610618032
196 16 1610618048
196 41 1610618064
196 51 1610618080
196 64 1610618096
196 86 1610618112
196 94 1610618128
196 95 1610618144
196 128 1610618160
196 143 1610618176
196 167 1610618192
196 196 1610618208
196 197 1610618224
196 199 1610618240
196 200 1610618256
196 201 1610618272
196 203 1610618288
196 204 1610618304
196 205 1610618320
196 206 1610618336
196 207 1610618352
196 218 1610618368
196 231 1610618384
196 280 1610618400
196 593 1610618416
196 776 1610618432
196 820 1610618448
196 908 1610618464
196 918 1610618480
197 13 1610618496
197 27 1610618512
197 41 1610618528
197 51 1610618544
197 52 1610618560
197 64 1610618576
197 65 1610618592
197 86 1610618608
197 95 1610618624
197 128 1610618640
197 143 1610618656
197 172 1610618672
197 196 1610618688
197 197 1610618704
197 199 1610618720
197 201 1610618736
197 205 1610618752
197 207 1610618768
197 215 1610618784
197 457 1610618800
197 601 1610618816
197 820 1610618832
197 908 1610618848
197 955 1610618864
198 5 1610618880
198 31 1610618896
198 41 1610618912
198 51 1610618928
198 64 1610618944
198 94 1610618960
198 95 1610618976
198 128 1610618992
198 129 1610619008
198 165 1610619024
198 167 1610619040
198 168 1610619056
198 183 1610619072
198 196 1610619088
198 197 1610619104
198 198 1610619120
198 199 1610619136
198 200 1610619152
198 201 1610619168
198 202 1610619184
198 203 1610619200
198 204 1610619216
198 205 1610619232
198 206 1610619248
198 207 1610619264
198 229 1610619280
198 258 1610619296
198 329 1610619312
198 387 1610619328
198 419 1610619344
198 434 1610619360
198 485 1610619376
198 593 1610619392
198 776 1610619408
198 820 1610619424
199 1 1610619440
199 41 1610619456
199 42 1610619472
199 51 1610619488
199 53 1610619504
199 64 1610619520
199 65 1610619536
199 82 1610619552
199 94 1610619568
199 95 1610619584
199 105 1610619600
199 121 1610619616
199 128 1610619632
199 167 1610619648
199 174 1610619664
199 196 1610619680
199 197 1610619696
199 199 1610619712
199 200 1610619728
199 201 1610619744
199 203 1610619760
199 204 1610619776
199 205 1610619792
199 206 1610619808
199 207 1610619824
199 218 1610619840
199 258 1610619856
199 278 1610619872
199 280 1610619888
199 288 1610619904
199 296 1610619920
199 338 1610619936
199 342 1610619952
199 377 1610619968
199 399 1610619984
199 434 1610620000
199 526 1610620016
199 593 1610620032
199 677 1610620048
199 776 1610620064
199 820 1610620080
199 850 1610620096
199 908 1610620112
199 917 1610620128
199 918 1610620144
200 51 1610620160
200 65 1610620176
200 94 1610620192
200 128 1610620208
200 199 1610620224
200 200 1610620240
200 201 1610620256
200 204 1610620272
200 207 1610620288
200 344 1610620304
200 413 1610620320
200 440 1610620336
200 498 1610620352
200 562 1610620368
200 581 1610620384
200 593 1610620400
200 776 1610620416
200 777 1610620432
200 820 1610620448
200 908 1610620464
200 917 1610620480
200 918 1610620496
201 5 1610620512
201 18 1610620528
201 41 1610620544
201 51 1610620560
201 62 1610620576
201 64 1610620592
201 82 1610620608
201 86 1610620624
201 93 1610620640
201 94 1610620656
201 95 1610620672
201 103 1610620688
201 121 1610620704
201 128 1610620720
201 133 1610620736
201 143 1610620752
201 160 1610620768
201 166 1610620784
201 167 1610620800
201 169 1610620816
201 183 1610620832
201 196 1610620848
201 197 1610620864
201 198 1610620880
201 199 1610620896
201 200 1610620912
201 201 1610620928
201 202 1610620944
201 203 1610620960
201 204 1610620976
201 205 1610620992
201 206 1610621008
201 207 1610621024
201 215 1610621040
201 218 1610621056
201 232 1610621072
201 249 1610621088
201 278 1610621104
201 280 1610621120
201 283 1610621136
201 342 1610621152
201 352 1610621168
201 395 1610621184
201 420 1610621200
201 486 1610621216
201 533 1610621232
201 557 1610621248
201 593 1610621264
201 776 1610621280
201 820 1610621296
201 908 1610621312
202 623 1610621328
204 41 1610621344
204 51 1610621360
204 93 1610621376
204 94 1610621392
204 141 1610621408
204 167 1610621424
204 172 1610621440
204 196 1610621456
204 200 1610621472
204 203 1610621488
204 204 1610621504
204 205 1610621520
204 218 1610621536
204 232 1610621552
204 283 1610621568
204 377 1610621584
204 581 1610621600
204 593 1610621616
204 776 1610621632
204 820 1610621648
205 14 1610621664
205 79 1610621680
205 86 1610621696
205 93 1610621712
205 94 1610621728
205 128 1610621744
205 172 1610621760
205 483 1610621776
205 593 1610621792
205 820 1610621808
205 847 1610621824
205 908 1610621840
205 917 1610621856
205 955 1610621872
206 14 1610621888
206 41 1610621904
206 51 1610621920
206 62 1610621936
206 65 1610621952
206 86 1610621968
206 94 1610621984
206 95 1610622000
206 107 1610622016
206 128 1610622032
206 149 1610622048
206 167 1610622064
206 168 1610622080
206 196 1610622096
206 197 1610622112
206 198 1610622128
206 199 1610622144
206 200 1610622160
206 201 1610622176
206 202 1610622192
206 203 1610622208
206 204 1610622224
206 205 1610622240
206 206 1610622256
206 207 1610622272
206 214 1610622288
206 231 1610622304
206 232 1610622320
206 277 1610622336
206 280 1610622352
206 284 1610622368
206 290 1610622384
206 291 1610622400
206 292 1610622416
206 294 1610622432
206 307 1610622448
206 342 1610622464
206 346 1610622480
206 352 1610622496
206 426 1610622512
206 440 1610622528
206 515 1610622544
206 546 1610622560
206 575 1610622576
206 588 1610622592
206 593 1610622608
206 751 1610622624
206 776 1610622640
206 786 1610622656
206 820 1610622672
206 852 1610622688
206 908 1610622704
206 917 1610622720
206 918 1610622736
206 1000 1610622752
207 5 1610622768
207 41 1610622784
207 95 1610622800
207 107 1610622816
207 128 1610622832
207 160 1610622848
207 172 1610622864
207 183 1610622880
207 197 1610622896
207 199 1610622912
207 201 1610622928
207 207 1610622944
207 343 1610622960
207 820 1610622976
208 4 1610622992
208 63 1610623008
208 137 1610623024
208 155 1610623040
208 194 1610623056
208 195 1610623072
208 208 1610623088
208 211 1610623104
208 285 1610623120
209 5 1610623136
209 11 1610623152
209 13 1610623168
209 15 1610623184
209 16 1610623200
209 42 1610623216
209 56 1610623232
209 58 1610623248
209 62 1610623264
209 63 1610623280
209 64 1610623296
209 71 1610623312
209 83 1610623328
209 84 1610623344
209 88 1610623360
209 96 1610623376
209 107 1610623392
209 121 1610623408
209 126 1610623424
209 128 1610623440
209 131 1610623456
209 137 1610623472
209 139 1610623488
209 140 1610623504
209 154 1610623520
209 155 1610623536
209 158 1610623552
209 159 1610623568
209 160 1610623584
209 166 1610623600
209 174 1610623616
209 183 1610623632
209 209 1610623648
209 210 1610623664
209 211 1610623680
209 233 1610623696
209 234 1610623712
209 235 1610623728
209 236 1610623744
209 237 1610623760
209 238 1610623776
209 240 1610623792
209 241 1610623808
209 242 1610623824
209 243 1610623840
209 244 1610623856
209 249 1610623872
209 252 1610623888
209 271 1610623904
209 273 1610623920
209 282 1610623936
209 283 1610623952
209 285 1610623968
209 286 1610623984
209 301 1610624000
209 303 1610624016
209 319 1610624032
209 365 1610624048
209 371 1610624064
209 411 1610624080
209 420 1610624096
209 424 1610624112
209 490 1610624128
209 494 1610624144
209 518 1610624160
209 541 1610624176
209 543 1610624192
209 546 1610624208
209 587 1610624224
209 601 1610624240
209 631 1610624256
209 637 1610624272
209 639 1610624288
209 812 1610624304
209 845 1610624320
209 909 1610624336
209 924 1610624352
209 963 1610624368
209 977 1610624384
210 3 1610624400
210 16 1610624416
210 45 1610624432
210 46 1610624448
210 62 1610624464
210 63 1610624480
210 82 1610624496
210 83 1610624512
210 87 1610624528
210 88 1610624544
210 105 1610624560
210 106 1610624576
210 107 1610624592
210 114 1610624608
210 121 1610624624
210 128 1610624640
210 129 1610624656
210 132 1610624672
210 137 1610624688
210 142 1610624704
210 158 1610624720
210 159 1610624736
210 160 1610624752
210 169 1610624768
210 174 1610624784
210 183 1610624800
210 208 1610624816
210 209 1610624832
210 210 1610624848
210 211 1610624864
210 212 1610624880
210 233 1610624896
210 234 1610624912
210 235 1610624928
210 236 1610624944
210 240 1610624960
210 241 1610624976
210 242 1610624992
210 243 1610625008
210 244 1610625024
210 245 1610625040
210 249 1610625056
210 252 1610625072
210 256 1610625088
210 269 1610625104
210 271 1610625120
210 282 1610625136
210 283 1610625152
210 290 1610625168
210 303 1610625184
210 305 1610625200
210 363 1610625216
210 365 1610625232
210 371 1610625248
210 405 1610625264
210 420 1610625280
210 424 1610625296
210 434 1610625312
210 489 1610625328
210 513 1610625344
210 926 1610625360
210 927 1610625376
210 931 1610625392
210 963 1610625408
211 2 1610625424
211 3 1610625440
211 4 1610625456
211 5 1610625472
211 6 1610625488
211 11 1610625504
211 13 1610625520
211 15 1610625536
211 16 1610625552
211 21 1610625568
211 44 1610625584
211 45 1610625600
211 46 1610625616
211 48 1610625632
211 54 1610625648
211 55 1610625664
211 56 1610625680
211 57 1610625696
211 58 1610625712
211 62 1610625728
211 63 1610625744
211 64 1610625760
211 66 1610625776
211 81 1610625792
211 82 1610625808
211 83 1610625824
211 84 1610625840
211 87 1610625856
211 88 1610625872
211 96 1610625888
211 103 1610625904
211 106 1610625920
211 107 1610625936
211 114 1610625952
211 117 1610625968
211 121 1610625984
211 126 1610626000
211 128 1610626016
211 129 1610626032
211 131 1610626048
211 132 1610626064
211 137 1610626080
211 138 1610626096
211 152 1610626112
211 153 1610626128
211 155 1610626144
211 169 1610626160
211 174 1610626176
211 183 1610626192
211 194 1610626208
211 195 1610626224
211 208 1610626240
211 209 1610626256
211 210 1610626272
211 211 1610626288
211 212 1610626304
211 214 1610626320
211 215 1610626336
211 236 1610626352
211 238 1610626368
211 240 1610626384
211 243 1610626400
211 249 1610626416
211 252 1610626432
211 255 1610626448
211 256 1610626464
211 258 1610626480
211 271 1610626496
211 281 1610626512
211 283 1610626528
211 285 1610626544
211 286 1610626560
211 290 1610626576
211 301 1610626592
211 303 1610626608
211 304 1610626624
211 305 1610626640
211 308 1610626656
211 329 1610626672
211 333 1610626688
211 338 1610626704
211 340 1610626720
211 355 1610626736
211 363 1610626752
211 364 1610626768
211 365 1610626784
211 371 1610626800
211 375 1610626816
211 389 1610626832
211 402 1610626848
211 405 1610626864
211 408 1610626880
211 411 1610626896
211 412 1610626912
211 419 1610626928
211 420 1610626944
211 424 1610626960
211 430 1610626976
211 434 1610626992
211 450 1610627008
211 455 1610627024
211 460 1610627040
211 462 1610627056
211 464 1610627072
211 469 1610627088
211 473 1610627104
211 480 1610627120
211 481 1610627136
211 489 1610627152
211 495 1610627168
211 506 1610627184
211 513 1610627200
211 518 1610627216
211 532 1610627232
211 546 1610627248
211 552 1610627264
211 560 1610627280
211 571 1610627296
211 582 1610627312
211 586 1610627328
211 604 1610627344
211 611 1610627360
211 612 1610627376
211 636 1610627392
211 646 1610627408
211 654 1610627424
211 661 1610627440
211 683 1610627456
211 695 1610627472
211 698 1610627488
211 705 1610627504
211 734 1610627520
211 738 1610627536
211 754 1610627552
211 764 1610627568
211 807 1610627584
211 809 1610627600
211 842 1610627616
211 845 1610627632
211 859 1610627648
211 924 1610627664
211 928 1610627680
211 932 1610627696
211 949 1610627712
211 990 1610627728
212 7 1610627744
212 17 1610627760
212 21 1610627776
212 28 1610627792
212 41 1610627808
212 44 1610627824
212 48 1610627840
212 58 1610627856
212 63 1610627872
212 64 1610627888
212 68 1610627904
212 69 1610627920
212 70 1610627936
212 74 1610627952
212 77 1610627968
212 81 1610627984
212 82 1610628000
212 83 1610628016
212 86 1610628032
212 87 1610628048
212 91 1610628064
212 105 1610628080
212 106 1610628096
212 114 1610628112
212 115 1610628128
212 121 1610628144
212 128 1610628160
212 129 1610628176
212 131 1610628192
212 142 1610628208
212 144 1610628224
212 145 1610628240
212 147 1610628256
212 152 1610628272
212 160 1610628288
212 162 1610628304
212 163 1610628320
212 165 1610628336
212 166 1610628352
212 169 1610628368
212 170 1610628384
212 173 1610628400
212 174 1610628416
212 180 1610628432
212 183 1610628448
212 191 1610628464
212 210 1610628480
212 211 1610628496
212 212 1610628512
212 223 1610628528
212 226 1610628544
212 233 1610628560
212 249 1610628576
212 252 1610628592
212 253 1610628608
212 255 1610628624
212 256 1610628640
212 268 1610628656
212 269 1610628672
212 282 1610628688
212 283 1610628704
212 288 1610628720
212 296 1610628736
212 303 1610628752
212 329 1610628768
212 333 1610628784
212 340 1610628800
212 355 1610628816
212 363 1610628832
212 364 1610628848
212 365 1610628864
212 367 1610628880
212 393 1610628896
212 404 1610628912
212 405 1610628928
212 408 1610628944
212 411 1610628960
212 420 1610628976
212 422 1610628992
212 427 1610629008
212 431 1610629024
212 434 1610629040
212 450 1610629056
212 453 1610629072
212 459 1610629088
212 462 1610629104
212 489 1610629120
212 490 1610629136
212 492 1610629152
212 493 1610629168
212 494 1610629184
212 508 1610629200
212 509 1610629216
212 518 1610629232
212 531 1610629248
212 544 1610629264
212 546 1610629280
212 549 1610629296
212 550 1610629312
212 576 1610629328
212 589 1610629344
212 612 1610629360
212 641 1610629376
212 642 1610629392
212 726 1610629408
212 820 1610629424
212 856 1610629440
212 932 1610629456
213 7 1610629472
213 8 1610629488
213 9 1610629504
213 11 1610629520
213 44 1610629536
213 61 1610629552
213 141 1610629568
213 155 1610629584
213 182 1610629600
213 213 1610629616
213 246 1610629632
213 247 1610629648
213 264 1610629664
213 265 1610629680
213 266 1610629696
213 320 1610629712
213 332 1610629728
213 358 1610629744
213 359 1610629760
213 360 1610629776
213 407 1610629792
213 441 1610629808
213 452 1610629824
213 466 1610629840
213 473 1610629856
213 487 1610629872
213 496 1610629888
213 498 1610629904
213 499 1610629920
213 503 1610629936
213 525 1610629952
213 529 1610629968
213 533 1610629984
213 558 1610630000
213 573 1610630016
213 602 1610630032
213 608 1610630048
213 700 1610630064
213 707 1610630080
213 720 1610630096
213 823 1610630112
213 913 1610630128
213 951 1610630144
213 956 1610630160
213 957 1610630176
214 21 1610630192
214 83 1610630208
214 94 1610630224
214 124 1610630240
214 128 1610630256
214 157 1610630272
214 172 1610630288
214 176 1610630304
214 177 1610630320
214 178 1610630336
214 179 1610630352
214 180 1610630368
214 191 1610630384
214 206 1610630400
214 207 1610630416
214 211 1610630432
214 214 1610630448
214 215 1610630464
214 232 1610630480
214 278 1610630496
214 280 1610630512
214 284 1610630528
214 301 1610630544
214 342 1610630560
214 343 1610630576
214 345 1610630592
214 346 1610630608
214 351 1610630624
214 352 1610630640
214 377 1610630656
214 413 1610630672
214 434 1610630688
214 460 1610630704
214 483 1610630720
214 536 1610630736
214 681 1610630752
215 0 1610630768
215 1 1610630784
215 5 1610630800
215 17 1610630816
215 18 1610630832
215 42 1610630848
215 53 1610630864
215 58 1610630880
215 60 1610630896
215 64 1610630912
215 66 1610630928
215 73 1610630944
215 74 1610630960
215 81 1610630976
215 82 1610630992
215 87 1610631008
215 114 1610631024
215 121 1610631040
215 128 1610631056
215 150 1610631072
215 155 1610631088
215 159 1610631104
215 177 1610631120
215 183 1610631136
215 187 1610631152
215 188 1610631168
215 197 1610631184
215 201 1610631200
215 214 1610631216
215 215 1610631232
215 218 1610631248
215 220 1610631264
215 221 1610631280
215 222 1610631296
215 223 1610631312
215 227 1610631328
215 248 1610631344
215 249 1610631360
215 268 1610631376
215 283 1610631392
215 295 1610631408
215 296 1610631424
215 297 1610631440
215 301 1610631456
215 306 1610631472
215 309 1610631488
215 311 1610631504
215 313 1610631520
215 314 1610631536
215 316 1610631552
215 331 1610631568
215 340 1610631584
215 341 1610631600
215 347 1610631616
215 366 1610631632
215 400 1610631648
215 411 1610631664
215 434 1610631680
215 440 1610631696
215 459 1610631712
215 460 1610631728
215 511 1610631744
215 541 1610631760
215 549 1610631776
215 560 1610631792
215 589 1610631808
215 650 1610631824
215 690 1610631840
215 717 1610631856
215 747 1610631872
215 756 1610631888
215 812 1610631904
215 820 1610631920
216 15 1610631936
216 45 1610631952
216 46 1610631968
216 62 1610631984
216 64 1610632000
216 107 1610632016
216 139 1610632032
216 140 1610632048
216 142 1610632064
216 164 1610632080
216 216 1610632096
216 254 1610632112
216 269 1610632128
216 272 1610632144
216 273 1610632160
216 274 1610632176
216 301 1610632192
216 428 1610632208
216 429 1610632224
216 446 1610632240
216 448 1610632256
216 509 1610632272
216 579 1610632288
216 592 1610632304
217 49 1610632320
217 50 1610632336
217 70 1610632352
217 71 1610632368
217 84 1610632384
217 121 1610632400
217 142 1610632416
217 160 1610632432
217 162 1610632448
217 282 1610632464
217 288 1610632480
217 366 1610632496
217 404 1610632512
217 431 1610632528
217 432 1610632544
217 433 1610632560
217 612 1610632576
217 643 1610632592
217 654 1610632608
218 0 1610632624
218 1 1610632640
218 5 1610632656
218 17 1610632672
218 18 1610632688
218 36 1610632704
218 73 1610632720
218 74 1610632736
218 82 1610632752
218 85 1610632768
218 86 1610632784
218 95 1610632800
218 120 1610632816
218 133 1610632832
218 166 1610632848
218 177 1610632864
218 183 1610632880
218 196 1610632896
218 199 1610632912
218 215 1610632928
218 218 1610632944
218 219 1610632960
218 220 1610632976
218 221 1610632992
218 222 1610633008
218 223 1610633024
218 224 1610633040
218 225 1610633056
218 226 1610633072
218 228 1610633088
218 248 1610633104
218 268 1610633120
218 288 1610633136
218 297 1610633152
218 307 1610633168
218 308 1610633184
218 309 1610633200
218 310 1610633216
218 311 1610633232
218 312 1610633248
218 313 1610633264
218 314 1610633280
218 315 1610633296
218 316 1610633312
218 317 1610633328
218 340 1610633344
218 341 1610633360
218 366 1610633376
218 459 1610633392
218 482 1610633408
218 513 1610633424
218 549 1610633440
218 696 1610633456
218 872 1610633472
219 60 1610633488
219 79 1610633504
220 17 1610633520
220 23 1610633536
220 47 1610633552
220 128 1610633568
220 165 1610633584
220 177 1610633600
220 215 1610633616
220 220 1610633632
220 223 1610633648
220 434 1610633664
221 0 1610633680
221 1 1610633696
221 14 1610633712
221 16 1610633728
221 17 1610633744
221 18 1610633760
221 52 1610633776
221 73 1610633792
221 74 1610633808
221 85 1610633824
221 106 1610633840
221 107 1610633856
221 116 1610633872
221 121 1610633888
221 129 1610633904
221 177 1610633920
221 215 1610633936
221 218 1610633952
221 222 1610633968
221 223 1610633984
221 224 1610634000
221 225 1610634016
221 226 1610634032
221 248 1610634048
221 249 1610634064
221 256 1610634080
221 268 1610634096
221 280 1610634112
221 282 1610634128
221 283 1610634144
221 310 1610634160
221 313 1610634176
221 314 1610634192
221 316 1610634208
221 317 1610634224
221 403 1610634240
221 468 1610634256
221 485 1610634272
221 493 1610634288
221 546 1610634304
221 549 1610634320
221 560 1610634336
221 647 1610634352
222 0 1610634368
222 1 1610634384
222 17 1610634400
222 18 1610634416
222 20 1610634432
222 21 1610634448
222 74 1610634464
222 81 1610634480
222 85 1610634496
222 86 1610634512
222 106 1610634528
222 107 1610634544
222 142 1610634560
222 187 1610634576
222 188 1610634592
222 189 1610634608
222 215 1610634624
222 218 1610634640
222 219 1610634656
222 221 1610634672
222 222 1610634688
222 223 1610634704
222 225 1610634720
222 226 1610634736
222 227 1610634752
222 255 1610634768
222 256 1610634784
222 268 1610634800
222 282 1610634816
222 301 1610634832
222 309 1610634848
222 310 1610634864
222 311 1610634880
222 312 1610634896
222 314 1610634912
222 315 1610634928
222 316 1610634944
222 365 1610634960
222 400 1610634976
222 459 1610634992
222 467 1610635008
222 513 1610635024
222 543 1610635040
222 560 1610635056
222 607 1610635072
222 690 1610635088
222 911 1610635104
223 0 1610635120
223 17 1610635136
223 18 1610635152
223 20 1610635168
223 64 1610635184
223 73 1610635200
223 74 1610635216
223 83 1610635232
223 86 1610635248
223 87 1610635264
223 105 1610635280
223 106 1610635296
223 117 1610635312
223 121 1610635328
223 142 1610635344
223 152 1610635360
223 160 1610635376
223 166 1610635392
223 177 1610635408
223 183 1610635424
223 212 1610635440
223 215 1610635456
223 218 1610635472
223 221 1610635488
223 222 1610635504
223 223 1610635520
223 225 1610635536
223 228 1610635552
223 256 1610635568
223 268 1610635584
223 282 1610635600
223 309 1610635616
223 311 1610635632
223 313 1610635648
223 314 1610635664
223 317 1610635680
223 330 1610635696
223 331 1610635712
223 365 1610635728
223 366 1610635744
223 459 1610635760
223 468 1610635776
223 518 1610635792
223 560 1610635808
223 612 1610635824
223 624 1610635840
223 758 1610635856
224 1 1610635872
224 64 1610635888
224 160 1610635904
224 221 1610635920
224 224 1610635936
224 256 1610635952
224 309 1610635968
224 365 1610635984
224 468 1610636000
225 1 1610636016
225 17 1610636032
225 18 1610636048
225 74 1610636064
225 86 1610636080
225 189 1610636096
225 215 1610636112
225 221 1610636128
225 225 1610636144
225 226 1610636160
225 282 1610636176
225 283 1610636192
225 301 1610636208
225 311 1610636224
225 312 1610636240
225 331 1610636256
225 409 1610636272
225 459 1610636288
225 460 1610636304
225 494 1610636320
226 17 1610636336
226 42 1610636352
226 62 1610636368
226 74 1610636384
226 82 1610636400
226 85 1610636416
226 86 1610636432
226 105 1610636448
226 106 1610636464
226 107 1610636480
226 114 1610636496
226 121 1610636512
226 128 1610636528
226 142 1610636544
226 165 1610636560
226 166 1610636576
226 186 1610636592
226 212 1610636608
226 218 1610636624
226 221 1610636640
226 223 1610636656
226 225 1610636672
226 227 1610636688
226 228 1610636704
226 232 1610636720
226 256 1610636736
226 275 1610636752
226 282 1610636768
226 283 1610636784
226 301 1610636800
226 313 1610636816
226 317 1610636832
226 340 1610636848
226 365 1610636864
226 366 1610636880
226 371 1610636896
226 419 1610636912
226 434 1610636928
226 440 1610636944
226 443 1610636960
226 459 1610636976
226 483 1610636992
226 513 1610637008
226 518 1610637024
226 533 1610637040
226 696 1610637056
226 892 1610637072
227 227 1610637088
228 377 1610637104
229 28 1610637120
229 30 1610637136
229 31 1610637152
229 37 1610637168
229 39 1610637184
229 48 1610637200
229 64 1610637216
229 84 1610637232
229 114 1610637248
229 115 1610637264
229 119 1610637280
229 143 1610637296
229 165 1610637312
229 170 1610637328
229 177 1610637344
229 183 1610637360
229 198 1610637376
229 229 1610637392
229 338 1610637408
229 366 1610637424
229 387 1610637440
229 434 1610637456
229 489 1610637472
229 494 1610637488
229 513 1610637504
229 536 1610637520
229 721 1610637536
230 5 1610637552
230 20 1610637568
230 21 1610637584
230 62 1610637600
230 74 1610637616
230 80 1610637632
230 82 1610637648
230 107 1610637664
230 121 1610637680
230 230 1610637696
230 282 1610637712
230 283 1610637728
230 333 1610637744
230 366 1610637760
230 375 1610637776
230 420 1610637792
230 424 1610637808
230 533 1610637824
230 898 1610637840
231 14 1610637856
231 53 1610637872
231 60 1610637888
231 65 1610637904
231 74 1610637920
231 122 1610637936
231 129 1610637952
231 167 1610637968
231 168 1610637984
231 172 1610638000
231 176 1610638016
231 177 1610638032
231 178 1610638048
231 179 1610638064
231 180 1610638080
231 181 1610638096
231 191 1610638112
231 196 1610638128
231 201 1610638144
231 203 1610638160
231 206 1610638176
231 214 1610638192
231 231 1610638208
231 232 1610638224
231 249 1610638240
231 257 1610638256
231 262 1610638272
231 277 1610638288
231 278 1610638304
231 280 1610638320
231 284 1610638336
231 289 1610638352
231 290 1610638368
231 292 1610638384
231 342 1610638400
231 343 1610638416
231 347 1610638432
231 351 1610638448
231 377 1610638464
231 385 1610638480
231 426 1610638496
231 434 1610638512
231 440 1610638528
231 457 1610638544
231 466 1610638560
231 526 1610638576
231 537 1610638592
231 575 1610638608
231 621 1610638624
231 624 1610638640
231 645 1610638656
231 655 1610638672
231 656 1610638688
231 692 1610638704
231 730 1610638720
231 797 1610638736
231 841 1610638752
231 871 1610638768
232 1 1610638784
232 5 1610638800
232 6 1610638816
232 14 1610638832
232 18 1610638848
232 41 1610638864
232 51 1610638880
232 52 1610638896
232 53 1610638912
232 60 1610638928
232 61 1610638944
232 64 1610638960
232 65 1610638976
232 103 1610638992
232 113 1610639008
232 115 1610639024
232 120 1610639040
232 121 1610639056
232 133 1610639072
232 141 1610639088
232 156 1610639104
232 167 1610639120
232 176 1610639136
232 177 1610639152
232 178 1610639168
232 201 1610639184
232 204 1610639200
232 206 1610639216
232 214 1610639232
232 219 1610639248
232 226 1610639264
232 231 1610639280
232 232 1610639296
232 241 1610639312
232 263 1610639328
232 264 1610639344
232 265 1610639360
232 266 1610639376
232 277 1610639392
232 280 1610639408
232 284 1610639424
232 291 1610639440
232 292 1610639456
232 294 1610639472
232 312 1610639488
232 320 1610639504
232 321 1610639520
232 358 1610639536
232 368 1610639552
232 380 1610639568
232 397 1610639584
232 426 1610639600
232 440 1610639616
232 457 1610639632
232 473 1610639648
232 483 1610639664
232 484 1610639680
232 486 1610639696
232 498 1610639712
232 499 1610639728
232 501 1610639744
232 515 1610639760
232 525 1610639776
232 526 1610639792
232 537 1610639808
232 556 1610639824
232 557 1610639840
232 562 1610639856
232 575 1610639872
232 576 1610639888
232 608 1610639904
232 611 1610639920
232 705 1610639936
232 707 1610639952
232 804 1610639968
232 820 1610639984
232 872 1610640000
232 939 1610640016
232 1000 1610640032
233 58 1610640048
233 62 1610640064
233 63 1610640080
233 70 1610640096
233 82 1610640112
233 83 1610640128
233 84 1610640144
233 86 1610640160
233 88 1610640176
233 101 1610640192
233 105 1610640208
233 115 1610640224
233 121 1610640240
233 124 1610640256
233 142 1610640272
233 145 1610640288
233 158 1610640304
233 159 1610640320
233 160 1610640336
233 166 1610640352
233 174 1610640368
233 209 1610640384
233 210 1610640400
233 212 1610640416
233 233 1610640432
233 234 1610640448
233 235 1610640464
233 236 1610640480
233 237 1610640496
233 238 1610640512
233 239 1610640528
233 240 1610640544
233 241 1610640560
233 242 1610640576
233 243 1610640592
233 244 1610640608
233 252 1610640624
233 282 1610640640
233 288 1610640656
233 366 1610640672
233 404 1610640688
233 433 1610640704
233 434 1610640720
233 460 1610640736
233 474 1610640752
233 494 1610640768
233 532 1610640784
233 546 1610640800
233 586 1610640816
233 601 1610640832
233 612 1610640848
233 637 1610640864
233 654 1610640880
233 828 1610640896
234 5 1610640912
234 6 1610640928
234 58 1610640944
234 82 1610640960
234 86 1610640976
234 96 1610640992
234 121 1610641008
234 145 1610641024
234 158 1610641040
234 159 1610641056
234 160 1610641072
234 166 1610641088
234 209 1610641104
234 210 1610641120
234 233 1610641136
234 234 1610641152
234 235 1610641168
234 236 1610641184
234 237 1610641200
234 238 1610641216
234 239 1610641232
234 240 1610641248
234 241 1610641264
234 242 1610641280
234 243 1610641296
234 244 1610641312
234 256 1610641328
234 269 1610641344
234 282 1610641360
234 283 1610641376
234 319 1610641392
234 404 1610641408
234 474 1610641424
234 494 1610641440
234 587 1610641456
234 637 1610641472
234 639 1610641488
234 654 1610641504
234 828 1610641520
234 926 1610641536
234 930 1610641552
234 931 1610641568
234 963 1610641584
235 96 1610641600
235 158 1610641616
235 159 1610641632
235 209 1610641648
235 210 1610641664
235 233 1610641680
235 234 1610641696
235 236 1610641712
235 238 1610641728
235 240 1610641744
235 242 1610641760
235 243 1610641776
235 244 1610641792
235 303 1610641808
235 319 1610641824
235 360 1610641840
235 420 1610641856
235 610 1610641872
235 930 1610641888
235 963 1610641904
236 3 1610641920
236 5 1610641936
236 46 1610641952
236 62 1610641968
236 63 1610641984
236 96 1610642000
236 107 1610642016
236 121 1610642032
236 132 1610642048
236 155 1610642064
236 158 1610642080
236 159 1610642096
236 208 1610642112
236 209 1610642128
236 210 1610642144
236 211 1610642160
236 233 1610642176
236 234 1610642192
236 235 1610642208
236 236 1610642224
236 238 1610642240
236 240 1610642256
236 241 1610642272
236 243 1610642288
236 244 1610642304
236 249 1610642320
236 269 1610642336
236 303 1610642352
236 319 1610642368
236 363 1610642384
236 371 1610642400
236 434 1610642416
236 587 1610642432
236 930 1610642448
236 963 1610642464
237 5 1610642480
237 6 1610642496
237 62 1610642512
237 107 1610642528
237 158 1610642544
237 159 1610642560
237 162 1610642576
237 174 1610642592
237 209 1610642608
237 210 1610642624
237 234 1610642640
237 236 1610642656
237 237 1610642672
237 238 1610642688
237 241 1610642704
237 242 1610642720
237 243 1610642736
237 244 1610642752
237 253 1610642768
237 319 1610642784
237 424 1610642800
237 587 1610642816
237 926 1610642832
237 927 1610642848
237 932 1610642864
237 963 1610642880
238 0 1610642896
238 2 1610642912
238 62 1610642928
238 64 1610642944
238 86 1610642960
238 89 1610642976
238 92 1610642992
238 158 1610643008
238 159 1610643024
238 176 1610643040
238 194 1610643056
238 209 1610643072
238 210 1610643088
238 211 1610643104
238 234 1610643120
238 236 1610643136
238 237 1610643152
238 238 1610643168
238 239 1610643184
238 241 1610643200
238 242 1610643216
238 243 1610643232
238 244 1610643248
238 302 1610643264
238 412 1610643280
238 440 1610643296
238 457 1610643312
238 498 1610643328
238 499 1610643344
238 506 1610643360
238 525 1610643376
238 587 1610643392
238 601 1610643408
238 602 1610643424
238 622 1610643440
238 700 1610643456
238 758 1610643472
238 930 1610643488
238 963 1610643504
240 11 1610643520
240 57 1610643536
240 158 1610643552
240 159 1610643568
240 160 1610643584
240 209 1610643600
240 210 1610643616
240 211 1610643632
240 234 1610643648
240 236 1610643664
240 237 1610643680
240 240 1610643696
240 241 1610643712
240 242 1610643728
240 424 1610643744
240 931 1610643760
240 963 1610643776
241 158 1610643792
241 159 1610643808
241 209 1610643824
241 210 1610643840
241 232 1610643856
241 234 1610643872
241 236 1610643888
241 237 1610643904
241 238 1610643920
241 240 1610643936
241 241 1610643952
241 242 1610643968
241 244 1610643984
241 440 1610644000
241 498 1610644016
241 499 1610644032
241 592 1610644048
242 5 1610644064
242 13 1610644080
242 62 1610644096
242 105 1610644112
242 106 1610644128
242 121 1610644144
242 132 1610644160
242 158 1610644176
242 159 1610644192
242 209 1610644208
242 210 1610644224
242 234 1610644240
242 236 1610644256
242 237 1610644272
242 238 1610644288
242 240 1610644304
242 241 1610644320
242 242 1610644336
242 243 1610644352
242 303 1610644368
242 599 1610644384
242 926 1610644400
242 977 1610644416
243 42 1610644432
243 57 1610644448
243 58 1610644464
243 63 1610644480
243 64 1610644496
243 80 1610644512
243 87 1610644528
243 132 1610644544
243 158 1610644560
243 159 1610644576
243 166 1610644592
243 209 1610644608
243 210 1610644624
243 233 1610644640
243 234 1610644656
243 235 1610644672
243 236 1610644688
243 237 1610644704
243 238 1610644720
243 239 1610644736
243 240 1610644752
243 241 1610644768
243 242 1610644784
243 243 1610644800
243 244 1610644816
243 252 1610644832
243 271 1610644848
243 305 1610644864
243 319 1610644880
243 373 1610644896
243 375 1610644912
243 411 1610644928
243 412 1610644944
243 434 1610644960
243 507 1610644976
243 613 1610644992
243 615 1610645008
243 820 1610645024
243 859 1610645040
243 930 1610645056
243 950 1610645072
243 963 1610645088
244 158 1610645104
244 209 1610645120
244 210 1610645136
244 233 1610645152
244 234 1610645168
244 235 1610645184
244 236 1610645200
244 237 1610645216
244 238 1610645232
244 243 1610645248
244 244 1610645264
244 252 1610645280
244 301 1610645296
244 409 1610645312
244 420 1610645328
244 422 1610645344
244 460 1610645360
244 615 1610645376
244 810 1610645392
244 963 1610645408
245 40 1610645424
245 47 1610645440
245 48 1610645456
245 62 1610645472
245 76 1610645488
245 82 1610645504
245 96 1610645520
245 113 1610645536
245 114 1610645552
245 115 1610645568
245 116 1610645584
245 160 1610645600
245 165 1610645616
245 171 1610645632
245 183 1610645648
245 245 1610645664
245 263 1610645680
245 301 1610645696
245 318 1610645712
245 326 1610645728
245 329 1610645744
245 333 1610645760
245 337 1610645776
245 338 1610645792
245 361 1610645808
245 365 1610645824
245 367 1610645840
245 417 1610645856
245 423 1610645872
245 442 1610645888
245 443 1610645904
245 444 1610645920
245 455 1610645936
245 485 1610645952
245 486 1610645968
245 547 1610645984
245 981 1610646000
246 7 1610646016
246 44 1610646032
246 141 1610646048
246 246 1610646064
246 247 1610646080
246 266 1610646096
246 421 1610646112
246 430 1610646128
246 498 1610646144
246 499 1610646160
246 530 1610646176
246 608 1610646192
246 649 1610646208
246 765 1610646224
246 856 1610646240
247 7 1610646256
247 11 1610646272
247 19 1610646288
247 246 1610646304
247 267 1610646320
247 498 1610646336
247 506 1610646352
247 661 1610646368
247 700 1610646384
247 707 1610646400
