558 9 4831838208
558 487 4831838224
558 529 4831838240
559 142 4831838256
559 160 4831838272
559 166 4831838288
559 282 4831838304
559 283 4831838320
559 518 4831838336
559 559 4831838352
559 769 4831838368
560 0 4831838384
560 1 4831838400
560 12 4831838416
560 19 4831838432
560 20 4831838448
560 21 4831838464
560 27 4831838480
560 29 4831838496
560 39 4831838512
560 40 4831838528
560 42 4831838544
560 48 4831838560
560 73 4831838576
560 74 4831838592
560 75 4831838608
560 84 4831838624
560 106 4831838640
560 142 4831838656
560 211 4831838672
560 215 4831838688
560 218 4831838704
560 221 4831838720
560 222 4831838736
560 223 4831838752
560 224 4831838768
560 229 4831838784
560 276 4831838800
560 282 4831838816
560 295 4831838832
560 313 4831838848
560 316 4831838864
560 321 4831838880
560 328 4831838896
560 329 4831838912
560 336 4831838928
560 341 4831838944
560 358 4831838960
560 361 4831838976
560 362 4831838992
560 363 4831839008
560 386 4831839024
560 459 4831839040
560 474 4831839056
560 496 4831839072
560 518 4831839088
560 607 4831839104
560 775 4831839120
560 856 4831839136
560 913 4831839152
560 922 4831839168
560 1002 4831839184
562 6 4831839200
562 14 4831839216
562 65 4831839232
562 129 4831839248
562 177 4831839264
562 183 4831839280
562 200 4831839296
562 202 4831839312
562 232 4831839328
562 275 4831839344
562 401 4831839360
562 413 4831839376
562 425 4831839392
562 426 4831839408
562 438 4831839424
562 440 4831839440
562 457 4831839456
562 493 4831839472
562 497 4831839488
562 498 4831839504
562 515 4831839520
562 533 4831839536
562 562 4831839552
562 568 4831839568
562 654 4831839584
562 714 4831839600
562 840 4831839616
563 6 4831839632
563 14 4831839648
563 82 4831839664
563 86 4831839680
563 93 4831839696
563 129 4831839712
563 272 4831839728
563 290 4831839744
563 373 4831839760
563 464 4831839776
563 484 4831839792
563 493 4831839808
563 494 4831839824
563 522 4831839840
563 563 4831839856
563 572 4831839872
563 584 4831839888
563 706 4831839904
563 822 4831839920
563 936 4831839936
564 2 4831839952
564 4 4831839968
564 10 4831839984
564 12 4831840000
564 63 4831840016
564 81 4831840032
564 114 4831840048
564 126 4831840064
564 158 4831840080
564 164 4831840096
564 174 4831840112
564 183 4831840128
564 190 4831840144
564 208 4831840160
564 209 4831840176
564 242 4831840192
564 258 4831840208
564 263 4831840224
564 281 4831840240
564 303 4831840256
564 304 4831840272
564 338 4831840288
564 340 4831840304
564 356 4831840320
564 365 4831840336
564 480 4831840352
564 564 4831840368
564 589 4831840384
564 638 4831840400
564 640 4831840416
564 686 4831840432
564 748 4831840448
564 876 4831840464
565 9 4831840480
565 266 4831840496
565 324 4831840512
565 430 4831840528
565 608 4831840544
565 754 4831840560
565 804 4831840576
565 823 4831840592
566 7 4831840608
566 8 4831840624
566 11 4831840640
566 43 4831840656
566 141 4831840672
566 247 4831840688
566 421 4831840704
566 451 4831840720
566 452 4831840736
566 569 4831840752
566 570 4831840768
566 666 4831840784
566 700 4831840800
566 707 4831840816
567 567 4831840832
567 843 4831840848
568 1 4831840864
568 65 4831840880
568 81 4831840896
568 121 4831840912
568 129 4831840928
568 130 4831840944
568 168 4831840960
568 256 4831840976
568 257 4831840992
568 276 4831841008
568 290 4831841024
568 329 4831841040
568 357 4831841056
568 401 4831841072
568 425 4831841088
568 426 4831841104
568 450 4831841120
568 457 4831841136
568 458 4831841152
568 493 4831841168
568 526 4831841184
568 562 4831841200
568 568 4831841216
569 7 4831841232
569 8 4831841248
569 9 4831841264
569 11 4831841280
569 12 4831841296
569 19 4831841312
569 43 4831841328
569 44 4831841344
569 105 4831841360
569 141 4831841376
569 161 4831841392
569 249 4831841408
569 358 4831841424
569 359 4831841440
569 360 4831841456
569 362 4831841472
569 365 4831841488
569 430 4831841504
569 441 4831841520
569 451 4831841536
569 452 4831841552
569 501 4831841568
569 504 4831841584
569 558 4831841600
569 566 4831841616
569 569 4831841632
569 570 4831841648
569 602 4831841664
569 674 4831841680
569 707 4831841696
569 739 4831841712
569 754 4831841728
569 778 4831841744
569 957 4831841760
570 7 4831841776
570 8 4831841792
570 12 4831841808
570 19 4831841824
570 161 4831841840
570 247 4831841856
570 264 4831841872
570 265 4831841888
570 267 4831841904
570 452 4831841920
570 569 4831841936
570 570 4831841952
570 661 4831841968
570 700 4831841984
570 707 4831842000
570 823 4831842016
572 82 4831842032
572 129 4831842048
572 167 4831842064
572 290 4831842080
572 294 4831842096
572 350 4831842112
572 377 4831842128
572 434 4831842144
572 484 4831842160
572 515 4831842176
572 572 4831842192
572 593 4831842208
572 822 4831842224
572 936 4831842240
572 939 4831842256
573 7 4831842272
573 8 4831842288
573 9 4831842304
573 11 4831842320
573 12 4831842336
573 19 4831842352
573 44 4831842368
573 86 4831842384
573 141 4831842400
573 166 4831842416
573 358 4831842432
573 441 4831842448
573 452 4831842464
573 498 4831842480
573 525 4831842496
573 566 4831842512
573 573 4831842528
577 142 4831842544
577 166 4831842560
577 249 4831842576
577 282 4831842592
577 283 4831842608
577 333 4831842624
577 363 4831842640
577 366 4831842656
577 375 4831842672
577 377 4831842688
577 518 4831842704
577 578 4831842720
577 757 4831842736
579 15 4831842752
579 46 4831842768
579 164 4831842784
579 216 4831842800
579 269 4831842816
579 272 4831842832
579 273 4831842848
579 334 4831842864
579 335 4831842880
579 429 4831842896
579 446 4831842912
579 447 4831842928
579 448 4831842944
579 579 4831842960
579 592 4831842976
579 929 4831842992
580 580 4831843008
581 0 4831843024
581 21 4831843040
581 41 4831843056
581 51 4831843072
581 77 4831843088
581 78 4831843104
581 79 4831843120
581 101 4831843136
581 133 4831843152
581 139 4831843168
581 200 4831843184
581 204 4831843200
581 205 4831843216
581 301 4831843232
581 308 4831843248
581 310 4831843264
581 420 4831843280
581 445 4831843296
581 450 4831843312
581 473 4831843328
581 497 4831843344
581 531 4831843360
581 533 4831843376
581 557 4831843392
581 581 4831843408
581 872 4831843424
582 62 4831843440
582 84 4831843456
582 106 4831843472
582 160 4831843488
582 184 4831843504
582 189 4831843520
582 418 4831843536
582 473 4831843552
582 508 4831843568
582 533 4831843584
582 549 4831843600
582 582 4831843616
582 667 4831843632
582 671 4831843648
585 84 4831843664
585 129 4831843680
585 168 4831843696
585 493 4831843712
585 544 4831843728
585 585 4831843744
585 706 4831843760
587 2 4831843776
587 3 4831843792
587 4 4831843808
587 58 4831843824
587 194 4831843840
587 236 4831843856
587 587 4831843872
587 832 4831843888
588 23 4831843904
588 28 4831843920
588 29 4831843936
588 36 4831843952
588 169 4831843968
588 206 4831843984
588 282 4831844000
588 307 4831844016
588 392 4831844032
588 438 4831844048
588 494 4831844064
588 545 4831844080
588 588 4831844096
588 600 4831844112
589 83 4831844128
589 105 4831844144
589 106 4831844160
589 142 4831844176
589 160 4831844192
589 212 4831844208
589 215 4831844224
589 249 4831844240
589 256 4831844256
589 271 4831844272
589 282 4831844288
589 283 4831844304
589 357 4831844320
589 365 4831844336
589 400 4831844352
589 424 4831844368
589 434 4831844384
589 459 4831844400
589 589 4831844416
589 607 4831844432
589 671 4831844448
590 13 4831844464
590 23 4831844480
590 26 4831844496
590 27 4831844512
590 28 4831844528
590 30 4831844544
590 33 4831844560
590 35 4831844576
590 40 4831844592
590 86 4831844608
590 171 4831844624
590 299 4831844640
590 438 4831844656
590 443 4831844672
590 590 4831844688
591 62 4831844704
591 83 4831844720
591 96 4831844736
591 142 4831844752
591 145 4831844768
591 160 4831844784
591 591 4831844800
592 15 4831844816
592 38 4831844832
592 46 4831844848
592 100 4831844864
592 139 4831844880
592 140 4831844896
592 160 4831844912
592 164 4831844928
592 216 4831844944
592 269 4831844960
592 272 4831844976
592 273 4831844992
592 274 4831845008
592 321 4831845024
592 322 4831845040
592 334 4831845056
592 335 4831845072
592 353 4831845088
592 428 4831845104
592 429 4831845120
592 446 4831845136
592 447 4831845152
592 448 4831845168
592 461 4831845184
592 579 4831845200
592 592 4831845216
592 617 4831845232
592 735 4831845248
592 760 4831845264
592 929 4831845280
592 933 4831845296
593 51 4831845312
593 94 4831845328
593 95 4831845344
593 128 4831845360
593 197 4831845376
593 199 4831845392
593 200 4831845408
593 201 4831845424
593 205 4831845440
593 214 4831845456
593 320 4831845472
593 340 4831845488
593 342 4831845504
593 350 4831845520
593 377 4831845536
593 482 4831845552
593 498 4831845568
593 572 4831845584
593 776 4831845600
593 820 4831845616
593 822 4831845632
593 907 4831845648
593 918 4831845664
593 955 4831845680
593 974 4831845696
596 218 4831845712
596 282 4831845728
596 301 4831845744
596 366 4831845760
596 596 4831845776
596 597 4831845792
597 62 4831845808
597 107 4831845824
597 118 4831845840
597 142 4831845856
597 282 4831845872
597 301 4831845888
597 411 4831845904
597 460 4831845920
597 597 4831845936
597 651 4831845952
597 695 4831845968
597 756 4831845984
598 86 4831846000
598 134 4831846016
598 340 4831846032
598 482 4831846048
598 521 4831846064
598 553 4831846080
598 598 4831846096
599 2 4831846112
599 3 4831846128
599 63 4831846144
599 96 4831846160
599 132 4831846176
599 158 4831846192
599 208 4831846208
599 209 4831846224
599 211 4831846240
599 304 4831846256
599 481 4831846272
599 708 4831846288
599 931 4831846304
600 129 4831846320
600 401 4831846336
600 585 4831846352
600 588 4831846368
600 600 4831846384
601 57 4831846400
601 82 4831846416
601 107 4831846432
601 121 4831846448
601 141 4831846464
601 160 4831846480
601 166 4831846496
601 283 4831846512
601 333 4831846528
601 405 4831846544
601 480 4831846560
601 523 4831846576
601 536 4831846592
602 11 4831846608
602 61 4831846624
602 182 4831846640
602 183 4831846656
602 238 4831846672
602 362 4831846688
602 365 4831846704
602 441 4831846720
602 496 4831846736
602 499 4831846752
602 525 4831846768
602 569 4831846784
602 602 4831846800
602 616 4831846816
602 699 4831846832
602 700 4831846848
602 707 4831846864
607 42 4831846880
607 87 4831846896
607 105 4831846912
607 106 4831846928
607 118 4831846944
607 128 4831846960
607 170 4831846976
607 243 4831846992
607 249 4831847008
607 255 4831847024
607 256 4831847040
607 296 4831847056
607 365 4831847072
607 419 4831847088
607 420 4831847104
607 421 4831847120
607 453 4831847136
607 460 4831847152
607 471 4831847168
607 490 4831847184
607 533 4831847200
607 544 4831847216
607 548 4831847232
608 7 4831847248
608 11 4831847264
608 61 4831847280
608 141 4831847296
608 213 4831847312
608 232 4831847328
608 264 4831847344
608 265 4831847360
608 266 4831847376
608 267 4831847392
608 332 4831847408
608 406 4831847424
608 440 4831847440
608 441 4831847456
608 452 4831847472
608 466 4831847488
608 498 4831847504
608 499 4831847520
608 529 4831847536
608 566 4831847552
608 608 4831847568
608 720 4831847584
608 804 4831847600
609 24 4831847616
609 30 4831847632
609 609 4831847648
610 56 4831847664
610 57 4831847680
610 59 4831847696
610 89 4831847712
610 96 4831847728
610 142 4831847744
610 235 4831847760
610 250 4831847776
610 255 4831847792
610 296 4831847808
610 303 4831847824
610 420 4831847840
610 459 4831847856
610 472 4831847872
610 610 4831847888
610 694 4831847904
611 6 4831847920
611 11 4831847936
611 64 4831847952
611 129 4831847968
611 160 4831847984
611 168 4831848000
611 176 4831848016
611 183 4831848032
611 211 4831848048
611 232 4831848064
611 270 4831848080
611 278 4831848096
611 292 4831848112
611 389 4831848128
611 419 4831848144
611 486 4831848160
611 938 4831848176
612 2 4831848192
612 4 4831848208
612 49 4831848224
612 50 4831848240
612 71 4831848256
612 84 4831848272
612 121 4831848288
612 152 4831848304
612 162 4831848320
612 212 4831848336
612 217 4831848352
612 233 4831848368
612 272 4831848384
612 306 4831848400
612 311 4831848416
612 340 4831848432
612 347 4831848448
612 356 4831848464
612 393 4831848480
612 404 4831848496
612 427 4831848512
612 474 4831848528
612 492 4831848544
612 612 4831848560
612 791 4831848576
612 828 4831848592
612 832 4831848608
613 117 4831848624
613 163 4831848640
613 243 4831848656
613 288 4831848672
613 537 4831848688
613 613 4831848704
613 614 4831848720
613 619 4831848736
613 747 4831848752
614 106 4831848768
614 614 4831848784
615 17 4831848800
615 21 4831848816
615 58 4831848832
615 64 4831848848
615 87 4831848864
615 106 4831848880
615 115 4831848896
615 142 4831848912
615 144 4831848928
615 146 4831848944
615 147 4831848960
615 152 4831848976
615 153 4831848992
615 155 4831849008
615 168 4831849024
615 180 4831849040
615 243 4831849056
615 244 4831849072
615 249 4831849088
615 252 4831849104
615 253 4831849120
615 269 4831849136
615 309 4831849152
615 318 4831849168
615 331 4831849184
615 333 4831849200
615 357 4831849216
615 393 4831849232
615 404 4831849248
615 412 4831849264
615 422 4831849280
615 427 4831849296
615 459 4831849312
615 460 4831849328
615 474 4831849344
615 492 4831849360
615 493 4831849376
615 513 4831849392
615 518 4831849408
615 521 4831849424
615 546 4831849440
615 615 4831849456
615 669 4831849472
615 714 4831849488
615 800 4831849504
615 820 4831849520
615 828 4831849536
615 856 4831849552
615 954 4831849568
615 963 4831849584
616 1 4831849600
616 320 4831849616
616 459 4831849632
616 533 4831849648
616 602 4831849664
617 618 4831849680
618 98 4831849696
618 404 4831849712
618 617 4831849728
618 618 4831849744
619 5 4831849760
619 56 4831849776
619 57 4831849792
619 89 4831849808
619 96 4831849824
619 303 4831849840
619 613 4831849856
