434 2 3758096384
434 3 3758096400
434 11 3758096416
434 16 3758096432
434 19 3758096448
434 21 3758096464
434 23 3758096480
434 28 3758096496
434 30 3758096512
434 35 3758096528
434 41 3758096544
434 42 3758096560
434 44 3758096576
434 46 3758096592
434 53 3758096608
434 58 3758096624
434 61 3758096640
434 62 3758096656
434 63 3758096672
434 64 3758096688
434 65 3758096704
434 81 3758096720
434 83 3758096736
434 87 3758096752
434 89 3758096768
434 92 3758096784
434 97 3758096800
434 99 3758096816
434 100 3758096832
434 105 3758096848
434 106 3758096864
434 114 3758096880
434 115 3758096896
434 116 3758096912
434 121 3758096928
434 128 3758096944
434 129 3758096960
434 132 3758096976
434 137 3758096992
434 144 3758097008
434 145 3758097024
434 147 3758097040
434 148 3758097056
434 152 3758097072
434 154 3758097088
434 158 3758097104
434 159 3758097120
434 161 3758097136
434 163 3758097152
434 165 3758097168
434 166 3758097184
434 167 3758097200
434 168 3758097216
434 169 3758097232
434 170 3758097248
434 172 3758097264
434 173 3758097280
434 183 3758097296
434 184 3758097312
434 187 3758097328
434 189 3758097344
434 190 3758097360
434 191 3758097376
434 198 3758097392
434 199 3758097408
434 200 3758097424
434 203 3758097440
434 208 3758097456
434 210 3758097472
434 211 3758097488
434 212 3758097504
434 214 3758097520
434 215 3758097536
434 221 3758097552
434 226 3758097568
434 229 3758097584
434 231 3758097600
434 233 3758097616
434 243 3758097632
434 245 3758097648
434 249 3758097664
434 252 3758097680
434 255 3758097696
434 256 3758097712
434 258 3758097728
434 269 3758097744
434 275 3758097760
434 280 3758097776
434 282 3758097792
434 283 3758097808
434 288 3758097824
434 290 3758097840
434 295 3758097856
434 296 3758097872
434 303 3758097888
434 308 3758097904
434 314 3758097920
434 320 3758097936
434 329 3758097952
434 333 3758097968
434 338 3758097984
434 340 3758098000
434 353 3758098016
434 356 3758098032
434 361 3758098048
434 362 3758098064
434 363 3758098080
434 365 3758098096
434 367 3758098112
434 368 3758098128
434 371 3758098144
434 401 3758098160
434 404 3758098176
434 405 3758098192
434 411 3758098208
434 412 3758098224
434 419 3758098240
434 420 3758098256
434 421 3758098272
434 424 3758098288
434 427 3758098304
434 431 3758098320
434 434 3758098336
434 440 3758098352
434 441 3758098368
434 450 3758098384
434 458 3758098400
434 459 3758098416
434 460 3758098432
434 467 3758098448
434 471 3758098464
434 473 3758098480
434 474 3758098496
434 478 3758098512
434 490 3758098528
434 493 3758098544
434 495 3758098560
434 506 3758098576
434 509 3758098592
434 515 3758098608
434 518 3758098624
434 531 3758098640
434 533 3758098656
434 544 3758098672
434 548 3758098688
434 550 3758098704
434 551 3758098720
434 593 3758098736
434 607 3758098752
434 612 3758098768
434 647 3758098784
434 677 3758098800
434 768 3758098816
434 820 3758098832
434 828 3758098848
434 856 3758098864
434 859 3758098880
435 127 3758098896
435 147 3758098912
435 160 3758098928
435 163 3758098944
435 316 3758098960
435 435 3758098976
435 440 3758098992
435 519 3758099008
435 533 3758099024
435 616 3758099040
435 647 3758099056
435 793 3758099072
435 920 3758099088
435 942 3758099104
437 5 3758099120
437 25 3758099136
437 26 3758099152
437 27 3758099168
437 30 3758099184
437 38 3758099200
437 47 3758099216
437 75 3758099232
437 89 3758099248
437 115 3758099264
437 116 3758099280
437 135 3758099296
437 136 3758099312
437 165 3758099328
437 169 3758099344
437 261 3758099360
437 336 3758099376
437 337 3758099392
437 338 3758099408
437 339 3758099424
437 361 3758099440
437 436 3758099456
437 437 3758099472
437 443 3758099488
437 455 3758099504
437 482 3758099520
437 531 3758099536
437 547 3758099552
437 816 3758099568
437 847 3758099584
437 860 3758099600
437 900 3758099616
438 5 3758099632
438 6 3758099648
438 23 3758099664
438 25 3758099680
438 26 3758099696
438 27 3758099712
438 28 3758099728
438 29 3758099744
438 30 3758099760
438 31 3758099776
438 32 3758099792
438 33 3758099808
438 34 3758099824
438 35 3758099840
438 36 3758099856
438 38 3758099872
438 40 3758099888
438 54 3758099904
438 64 3758099920
438 74 3758099936
438 86 3758099952
438 87 3758099968
438 89 3758099984
438 93 3758100000
438 96 3758100016
438 107 3758100032
438 113 3758100048
438 114 3758100064
438 115 3758100080
438 116 3758100096
438 123 3758100112
438 135 3758100128
438 136 3758100144
438 141 3758100160
438 151 3758100176
438 165 3758100192
438 169 3758100208
438 170 3758100224
438 249 3758100240
438 251 3758100256
438 261 3758100272
438 263 3758100288
438 302 3758100304
438 308 3758100320
438 330 3758100336
438 333 3758100352
438 336 3758100368
438 337 3758100384
438 338 3758100400
438 339 3758100416
438 340 3758100432
438 361 3758100448
438 365 3758100464
438 367 3758100480
438 390 3758100496
438 405 3758100512
438 411 3758100528
438 417 3758100544
438 423 3758100560
438 436 3758100576
438 437 3758100592
438 438 3758100608
438 440 3758100624
438 444 3758100640
438 450 3758100656
438 455 3758100672
438 470 3758100688
438 482 3758100704
438 494 3758100720
438 531 3758100736
438 545 3758100752
438 562 3758100768
438 588 3758100784
438 590 3758100800
438 655 3758100816
438 860 3758100832
438 892 3758100848
438 900 3758100864
438 987 3758100880
440 5 3758100896
440 6 3758100912
440 14 3758100928
440 24 3758100944
440 53 3758100960
440 61 3758100976
440 64 3758100992
440 65 3758101008
440 94 3758101024
440 129 3758101040
440 149 3758101056
440 152 3758101072
440 159 3758101088
440 168 3758101104
440 172 3758101120
440 176 3758101136
440 177 3758101152
440 178 3758101168
440 200 3758101184
440 206 3758101200
440 226 3758101216
440 231 3758101232
440 232 3758101248
440 238 3758101264
440 241 3758101280
440 249 3758101296
440 264 3758101312
440 265 3758101328
440 266 3758101344
440 275 3758101360
440 280 3758101376
440 320 3758101392
440 321 3758101408
440 365 3758101424
440 366 3758101440
440 368 3758101456
440 380 3758101472
440 399 3758101488
440 413 3758101504
440 426 3758101520
440 434 3758101536
440 435 3758101552
440 438 3758101568
440 440 3758101584
440 447 3758101600
440 450 3758101616
440 457 3758101632
440 458 3758101648
440 460 3758101664
440 493 3758101680
440 497 3758101696
440 498 3758101712
440 499 3758101728
440 515 3758101744
440 526 3758101760
440 533 3758101776
440 542 3758101792
440 562 3758101808
440 608 3758101824
440 629 3758101840
440 733 3758101856
440 818 3758101872
440 840 3758101888
440 970 3758101904
441 8 3758101920
441 12 3758101936
441 19 3758101952
441 44 3758101968
441 86 3758101984
441 87 3758102000
441 105 3758102016
441 107 3758102032
441 121 3758102048
441 161 3758102064
441 166 3758102080
441 233 3758102096
441 249 3758102112
441 264 3758102128
441 282 3758102144
441 324 3758102160
441 360 3758102176
441 362 3758102192
441 366 3758102208
441 374 3758102224
441 434 3758102240
441 498 3758102256
441 506 3758102272
441 529 3758102288
441 546 3758102304
441 566 3758102320
441 569 3758102336
441 649 3758102352
441 729 3758102368
441 754 3758102384
442 35 3758102400
442 36 3758102416
442 48 3758102432
442 96 3758102448
442 113 3758102464
442 333 3758102480
442 442 3758102496
442 455 3758102512
442 478 3758102528
442 545 3758102544
443 26 3758102560
443 29 3758102576
443 33 3758102592
443 38 3758102608
443 40 3758102624
443 47 3758102640
443 48 3758102656
443 76 3758102672
443 85 3758102688
443 96 3758102704
443 113 3758102720
443 114 3758102736
443 116 3758102752
443 135 3758102768
443 165 3758102784
443 171 3758102800
443 226 3758102816
443 245 3758102832
443 251 3758102848
443 261 3758102864
443 263 3758102880
443 318 3758102896
443 333 3758102912
443 339 3758102928
443 361 3758102944
443 366 3758102960
443 414 3758102976
443 417 3758102992
443 423 3758103008
443 427 3758103024
443 437 3758103040
443 442 3758103056
443 443 3758103072
443 444 3758103088
443 455 3758103104
443 485 3758103120
443 527 3758103136
443 547 3758103152
443 590 3758103168
443 725 3758103184
443 820 3758103200
443 847 3758103216
443 919 3758103232
443 925 3758103248
443 976 3758103264
444 47 3758103280
444 48 3758103296
444 76 3758103312
444 84 3758103328
444 96 3758103344
444 113 3758103360
444 114 3758103376
444 171 3758103392
444 245 3758103408
444 263 3758103424
444 301 3758103440
444 318 3758103456
444 333 3758103472
444 361 3758103488
444 417 3758103504
444 423 3758103520
444 438 3758103536
444 442 3758103552
444 443 3758103568
444 444 3758103584
444 455 3758103600
444 464 3758103616
444 485 3758103632
444 527 3758103648
444 547 3758103664
444 847 3758103680
445 5 3758103696
445 13 3758103712
445 64 3758103728
445 77 3758103744
445 79 3758103760
445 82 3758103776
445 86 3758103792
445 128 3758103808
445 133 3758103824
445 256 3758103840
445 301 3758103856
445 340 3758103872
445 424 3758103888
445 518 3758103904
445 531 3758103920
445 557 3758103936
445 581 3758103952
445 820 3758103968
445 848 3758103984
445 917 3758104000
446 15 3758104016
446 45 3758104032
446 46 3758104048
446 139 3758104064
446 140 3758104080
446 216 3758104096
446 269 3758104112
446 272 3758104128
446 301 3758104144
446 334 3758104160
446 335 3758104176
446 428 3758104192
446 429 3758104208
446 446 3758104224
446 447 3758104240
446 448 3758104256
446 461 3758104272
446 579 3758104288
446 592 3758104304
447 45 3758104320
447 46 3758104336
447 62 3758104352
447 139 3758104368
447 140 3758104384
447 269 3758104400
447 272 3758104416
447 273 3758104432
447 322 3758104448
447 323 3758104464
447 334 3758104480
447 335 3758104496
447 428 3758104512
447 429 3758104528
447 440 3758104544
447 446 3758104560
447 447 3758104576
447 448 3758104592
447 473 3758104608
447 498 3758104624
447 579 3758104640
447 592 3758104656
447 676 3758104672
447 690 3758104688
447 799 3758104704
447 933 3758104720
448 15 3758104736
448 16 3758104752
448 40 3758104768
448 45 3758104784
448 46 3758104800
448 62 3758104816
448 87 3758104832
448 107 3758104848
448 139 3758104864
448 140 3758104880
448 164 3758104896
448 216 3758104912
448 269 3758104928
448 271 3758104944
448 272 3758104960
448 273 3758104976
448 274 3758104992
448 322 3758105008
448 334 3758105024
448 335 3758105040
448 421 3758105056
448 428 3758105072
448 429 3758105088
448 446 3758105104
448 447 3758105120
448 448 3758105136
448 461 3758105152
448 484 3758105168
448 494 3758105184
448 579 3758105200
448 592 3758105216
448 617 3758105232
448 735 3758105248
448 812 3758105264
448 847 3758105280
448 933 3758105296
450 1 3758105312
450 5 3758105328
450 13 3758105344
450 14 3758105360
450 62 3758105376
450 64 3758105392
450 65 3758105408
450 82 3758105424
450 86 3758105440
450 93 3758105456
450 95 3758105472
450 105 3758105488
450 123 3758105504
450 128 3758105520
450 129 3758105536
450 133 3758105552
450 142 3758105568
450 160 3758105584
450 167 3758105600
450 168 3758105616
450 169 3758105632
450 172 3758105648
450 176 3758105664
450 183 3758105680
450 186 3758105696
450 211 3758105712
450 212 3758105728
450 214 3758105744
450 228 3758105760
450 232 3758105776
450 256 3758105792
450 257 3758105808
450 275 3758105824
450 280 3758105840
450 291 3758105856
450 292 3758105872
450 295 3758105888
450 329 3758105904
450 340 3758105920
450 342 3758105936
450 377 3758105952
450 399 3758105968
450 413 3758105984
450 419 3758106000
450 420 3758106016
450 426 3758106032
450 434 3758106048
450 438 3758106064
450 440 3758106080
450 450 3758106096
450 458 3758106112
450 464 3758106128
450 482 3758106144
450 493 3758106160
450 515 3758106176
450 526 3758106192
450 534 3758106208
450 542 3758106224
450 543 3758106240
450 544 3758106256
450 568 3758106272
450 581 3758106288
450 600 3758106304
450 611 3758106320
450 623 3758106336
450 714 3758106352
450 813 3758106368
450 932 3758106384
451 7 3758106400
451 141 3758106416
451 161 3758106432
451 265 3758106448
451 360 3758106464
451 452 3758106480
451 466 3758106496
451 487 3758106512
451 496 3758106528
451 558 3758106544
451 566 3758106560
451 569 3758106576
452 7 3758106592
452 8 3758106608
452 9 3758106624
452 11 3758106640
452 19 3758106656
452 43 3758106672
452 141 3758106688
452 161 3758106704
452 213 3758106720
452 264 3758106736
452 265 3758106752
452 358 3758106768
452 359 3758106784
452 360 3758106800
452 420 3758106816
452 421 3758106832
452 451 3758106848
452 452 3758106864
452 466 3758106880
452 487 3758106896
452 498 3758106912
452 499 3758106928
452 501 3758106944
452 502 3758106960
452 506 3758106976
452 529 3758106992
452 566 3758107008
452 569 3758107024
452 570 3758107040
452 573 3758107056
452 608 3758107072
452 649 3758107088
452 661 3758107104
452 666 3758107120
452 700 3758107136
452 823 3758107152
452 830 3758107168
452 856 3758107184
453 62 3758107200
453 83 3758107216
453 86 3758107232
453 87 3758107248
453 105 3758107264
453 121 3758107280
453 142 3758107296
453 160 3758107312
453 166 3758107328
453 167 3758107344
453 170 3758107360
453 189 3758107376
453 212 3758107392
453 255 3758107408
453 283 3758107424
453 301 3758107440
453 420 3758107456
453 453 3758107472
453 459 3758107488
453 472 3758107504
453 546 3758107520
453 607 3758107536
453 615 3758107552
453 654 3758107568
453 745 3758107584
453 932 3758107600
454 62 3758107616
454 82 3758107632
454 106 3758107648
454 107 3758107664
454 160 3758107680
454 189 3758107696
454 357 3758107712
455 5 3758107728
455 24 3758107744
455 29 3758107760
455 35 3758107776
455 39 3758107792
455 47 3758107808
455 48 3758107824
455 58 3758107840
455 64 3758107856
455 76 3758107872
455 89 3758107888
455 96 3758107904
455 113 3758107920
455 114 3758107936
455 115 3758107952
455 116 3758107968
455 119 3758107984
455 123 3758108000
455 131 3758108016
455 136 3758108032
455 165 3758108048
455 169 3758108064
455 170 3758108080
455 171 3758108096
455 211 3758108112
455 245 3758108128
455 251 3758108144
455 261 3758108160
455 263 3758108176
455 271 3758108192
455 302 3758108208
455 318 3758108224
455 330 3758108240
455 333 3758108256
455 338 3758108272
455 339 3758108288
455 361 3758108304
455 375 3758108320
455 417 3758108336
455 423 3758108352
455 438 3758108368
455 444 3758108384
455 455 3758108400
455 464 3758108416
455 470 3758108432
455 485 3758108448
455 547 3758108464
455 816 3758108480
455 847 3758108496
455 860 3758108512
455 914 3758108528
455 925 3758108544
455 976 3758108560
456 64 3758108576
456 405 3758108592
456 456 3758108608
457 62 3758108624
457 65 3758108640
457 86 3758108656
457 92 3758108672
457 197 3758108688
457 231 3758108704
457 238 3758108720
457 294 3758108736
457 399 3758108752
457 401 3758108768
457 421 3758108784
457 425 3758108800
457 426 3758108816
457 440 3758108832
457 457 3758108848
457 493 3758108864
457 523 3758108880
457 526 3758108896
457 562 3758108912
457 568 3758108928
457 840 3758108944
458 5 3758108960
458 6 3758108976
458 62 3758108992
458 64 3758109008
458 82 3758109024
458 86 3758109040
458 129 3758109056
458 142 3758109072
458 152 3758109088
458 160 3758109104
458 168 3758109120
458 172 3758109136
458 183 3758109152
458 254 3758109168
458 275 3758109184
458 280 3758109200
458 291 3758109216
458 377 3758109232
458 397 3758109248
458 413 3758109264
458 420 3758109280
458 426 3758109296
458 440 3758109312
458 450 3758109328
458 458 3758109344
458 493 3758109360
458 494 3758109376
458 515 3758109392
458 526 3758109408
458 542 3758109424
458 543 3758109440
458 568 3758109456
458 600 3758109472
458 604 3758109488
458 623 3758109504
458 647 3758109520
458 714 3758109536
458 789 3758109552
458 813 3758109568
459 0 3758109584
459 1 3758109600
459 17 3758109616
459 19 3758109632
459 21 3758109648
459 25 3758109664
459 44 3758109680
459 74 3758109696
459 80 3758109712
459 106 3758109728
459 177 3758109744
459 187 3758109760
459 190 3758109776
459 215 3758109792
459 218 3758109808
459 221 3758109824
459 222 3758109840
459 223 3758109856
459 225 3758109872
459 226 3758109888
459 249 3758109904
459 268 3758109920
459 295 3758109936
459 329 3758109952
459 331 3758109968
459 340 3758109984
459 358 3758110000
459 362 3758110016
459 421 3758110032
459 434 3758110048
459 464 3758110064
459 467 3758110080
459 490 3758110096
459 498 3758110112
459 513 3758110128
459 560 3758110144
459 565 3758110160
459 589 3758110176
459 616 3758110192
459 661 3758110208
459 717 3758110224
459 756 3758110240
460 57 3758110256
460 80 3758110272
460 81 3758110288
460 129 3758110304
460 147 3758110320
460 159 3758110336
460 167 3758110352
460 170 3758110368
460 183 3758110384
460 189 3758110400
460 211 3758110416
460 214 3758110432
460 233 3758110448
460 244 3758110464
460 249 3758110480
460 256 3758110496
460 328 3758110512
460 347 3758110528
460 419 3758110544
460 421 3758110560
460 434 3758110576
460 440 3758110592
460 460 3758110608
460 462 3758110624
460 467 3758110640
460 473 3758110656
460 490 3758110672
460 495 3758110688
460 518 3758110704
460 533 3758110720
460 537 3758110736
460 607 3758110752
460 615 3758110768
460 663 3758110784
460 679 3758110800
460 730 3758110816
461 13 3758110832
461 45 3758110848
461 46 3758110864
461 118 3758110880
461 139 3758110896
461 140 3758110912
461 216 3758110928
461 269 3758110944
461 272 3758110960
461 273 3758110976
461 322 3758110992
461 335 3758111008
461 428 3758111024
461 429 3758111040
461 446 3758111056
461 447 3758111072
461 448 3758111088
461 461 3758111104
461 533 3758111120
461 592 3758111136
461 624 3758111152
461 735 3758111168
461 812 3758111184
461 819 3758111200
462 5 3758111216
462 20 3758111232
462 21 3758111248
462 106 3758111264
462 121 3758111280
462 211 3758111296
462 212 3758111312
462 249 3758111328
462 256 3758111344
462 272 3758111360
462 308 3758111376
462 411 3758111392
462 419 3758111408
462 462 3758111424
462 463 3758111440
462 506 3758111456
462 561 3758111472
462 586 3758111488
462 701 3758111504
463 462 3758111520
463 463 3758111536
464 35 3758111552
464 41 3758111568
464 82 3758111584
464 93 3758111600
464 116 3758111616
464 128 3758111632
464 129 3758111648
464 160 3758111664
464 165 3758111680
464 169 3758111696
464 183 3758111712
464 211 3758111728
464 280 3758111744
464 331 3758111760
464 337 3758111776
464 338 3758111792
464 340 3758111808
464 377 3758111824
464 409 3758111840
464 424 3758111856
464 444 3758111872
464 450 3758111888
464 455 3758111904
464 459 3758111920
464 464 3758111936
464 483 3758111952
464 493 3758111968
464 494 3758111984
464 523 3758112000
464 556 3758112016
464 611 3758112032
464 727 3758112048
464 820 3758112064
464 847 3758112080
464 900 3758112096
465 14 3758112112
465 61 3758112128
465 83 3758112144
465 155 3758112160
465 189 3758112176
465 316 3758112192
465 465 3758112208
465 473 3758112224
465 519 3758112240
465 549 3758112256
465 615 3758112272
465 667 3758112288
465 707 3758112304
465 809 3758112320
466 5 3758112336
466 6 3758112352
466 8 3758112368
466 9 3758112384
466 11 3758112400
466 53 3758112416
466 64 3758112432
466 86 3758112448
466 141 3758112464
466 160 3758112480
466 213 3758112496
466 231 3758112512
466 265 3758112528
466 267 3758112544
466 324 3758112560
466 358 3758112576
466 359 3758112592
466 362 3758112608
466 374 3758112624
466 406 3758112640
466 407 3758112656
466 421 3758112672
466 441 3758112688
466 466 3758112704
466 487 3758112720
466 488 3758112736
466 496 3758112752
466 498 3758112768
466 499 3758112784
466 500 3758112800
466 504 3758112816
466 506 3758112832
466 510 3758112848
466 525 3758112864
466 529 3758112880
466 555 3758112896
466 602 3758112912
466 608 3758112928
466 649 3758112944
466 754 3758112960
466 804 3758112976
466 856 3758112992
466 893 3758113008
466 912 3758113024
467 20 3758113040
467 21 3758113056
467 62 3758113072
467 85 3758113088
467 86 3758113104
467 106 3758113120
467 107 3758113136
467 142 3758113152
467 152 3758113168
467 160 3758113184
467 166 3758113200
467 189 3758113216
467 222 3758113232
467 418 3758113248
467 434 3758113264
467 459 3758113280
467 460 3758113296
467 509 3758113312
469 66 3758113328
469 90 3758113344
469 96 3758113360
469 143 3758113376
469 211 3758113392
469 258 3758113408
469 375 3758113424
469 411 3758113440
469 469 3758113456
469 474 3758113472
469 477 3758113488
469 478 3758113504
470 86 3758113520
470 96 3758113536
470 116 3758113552
470 119 3758113568
470 151 3758113584
470 155 3758113600
470 170 3758113616
470 261 3758113632
470 367 3758113648
470 427 3758113664
470 438 3758113680
470 455 3758113696
470 470 3758113712
470 494 3758113728
470 590 3758113744
470 655 3758113760
470 753 3758113776
470 914 3758113792
470 986 3758113808
471 160 3758113824
471 170 3758113840
471 255 3758113856
471 256 3758113872
471 333 3758113888
471 421 3758113904
471 434 3758113920
471 472 3758113936
471 473 3758113952
471 607 3758113968
471 671 3758113984
473 3 3758114000
473 6 3758114016
473 14 3758114032
473 17 3758114048
473 19 3758114064
473 25 3758114080
473 28 3758114096
473 29 3758114112
473 30 3758114128
473 32 3758114144
473 35 3758114160
473 44 3758114176
473 46 3758114192
473 63 3758114208
473 69 3758114224
473 80 3758114240
473 81 3758114256
473 87 3758114272
473 93 3758114288
473 106 3758114304
473 108 3758114320
473 113 3758114336
473 114 3758114352
473 115 3758114368
473 116 3758114384
473 121 3758114400
473 129 3758114416
473 141 3758114432
473 147 3758114448
473 150 3758114464
473 163 3758114480
473 166 3758114496
473 170 3758114512
473 174 3758114528
473 183 3758114544
473 184 3758114560
473 189 3758114576
473 201 3758114592
473 211 3758114608
473 213 3758114624
473 232 3758114640
473 249 3758114656
473 256 3758114672
473 269 3758114688
473 280 3758114704
473 296 3758114720
473 298 3758114736
473 299 3758114752
473 301 3758114768
473 326 3758114784
473 327 3758114800
473 329 3758114816
473 333 3758114832
473 340 3758114848
473 355 3758114864
473 362 3758114880
473 367 3758114896
473 371 3758114912
473 393 3758114928
473 404 3758114944
473 411 3758114960
473 412 3758114976
473 418 3758114992
473 419 3758115008
473 421 3758115024
473 427 3758115040
473 434 3758115056
473 441 3758115072
473 447 3758115088
473 459 3758115104
473 460 3758115120
473 473 3758115136
473 474 3758115152
473 483 3758115168
473 489 3758115184
473 490 3758115200
473 493 3758115216
473 495 3758115232
473 498 3758115248
473 509 3758115264
473 531 3758115280
473 536 3758115296
473 537 3758115312
473 545 3758115328
473 549 3758115344
473 581 3758115360
473 627 3758115376
473 642 3758115392
473 667 3758115408
473 767 3758115424
473 963 3758115440
474 13 3758115456
474 23 3758115472
474 41 3758115488
474 42 3758115504
474 62 3758115520
474 66 3758115536
474 81 3758115552
474 84 3758115568
474 87 3758115584
474 90 3758115600
474 91 3758115616
474 96 3758115632
474 105 3758115648
474 107 3758115664
474 108 3758115680
474 110 3758115696
474 111 3758115712
474 112 3758115728
474 115 3758115744
474 121 3758115760
474 128 3758115776
474 142 3758115792
474 143 3758115808
474 160 3758115824
474 166 3758115840
474 183 3758115856
474 186 3758115872
474 212 3758115888
474 233 3758115904
474 249 3758115920
474 254 3758115936
474 256 3758115952
474 258 3758115968
474 269 3758115984
474 282 3758116000
474 301 3758116016
474 328 3758116032
474 329 3758116048
474 340 3758116064
474 356 3758116080
474 357 3758116096
474 366 3758116112
474 375 3758116128
474 404 3758116144
474 409 3758116160
474 419 3758116176
474 427 3758116192
474 434 3758116208
474 469 3758116224
474 474 3758116240
474 476 3758116256
474 477 3758116272
474 478 3758116288
474 493 3758116304
474 494 3758116320
474 513 3758116336
474 514 3758116352
474 546 3758116368
474 560 3758116384
474 612 3758116400
474 615 3758116416
474 663 3758116432
474 859 3758116448
474 932 3758116464
474 950 3758116480
476 112 3758116496
476 474 3758116512
477 66 3758116528
477 90 3758116544
477 91 3758116560
477 108 3758116576
477 375 3758116592
477 469 3758116608
477 477 3758116624
478 13 3758116640
478 62 3758116656
478 66 3758116672
478 90 3758116688
478 91 3758116704
478 105 3758116720
478 108 3758116736
478 110 3758116752
478 111 3758116768
478 112 3758116784
478 113 3758116800
478 121 3758116816
478 143 3758116832
478 160 3758116848
478 176 3758116864
478 183 3758116880
478 258 3758116896
478 282 3758116912
478 306 3758116928
478 325 3758116944
478 328 3758116960
478 329 3758116976
478 356 3758116992
478 357 3758117008
478 375 3758117024
478 424 3758117040
478 434 3758117056
478 469 3758117072
478 474 3758117088
478 476 3758117104
478 477 3758117120
478 478 3758117136
478 514 3758117152
478 543 3758117168
478 652 3758117184
479 479 3758117200
480 20 3758117216
480 21 3758117232
480 39 3758117248
480 69 3758117264
480 74 3758117280
480 80 3758117296
480 86 3758117312
480 92 3758117328
480 106 3758117344
480 107 3758117360
480 142 3758117376
480 143 3758117392
480 166 3758117408
480 183 3758117424
480 184 3758117440
480 211 3758117456
480 221 3758117472
480 223 3758117488
480 282 3758117504
480 329 3758117520
480 356 3758117536
480 357 3758117552
480 362 3758117568
480 375 3758117584
480 418 3758117600
480 480 3758117616
480 494 3758117632
480 508 3758117648
480 509 3758117664
480 549 3758117680
480 550 3758117696
480 601 3758117712
480 667 3758117728
480 671 3758117744
481 2 3758117760
481 3 3758117776
481 4 3758117792
481 5 3758117808
481 6 3758117824
481 13 3758117840
481 54 3758117856
481 55 3758117872
481 57 3758117888
481 58 3758117904
481 59 3758117920
481 63 3758117936
481 83 3758117952
481 96 3758117968
481 107 3758117984
481 131 3758118000
481 132 3758118016
481 137 3758118032
481 138 3758118048
481 160 3758118064
481 208 3758118080
481 211 3758118096
481 271 3758118112
481 281 3758118128
481 285 3758118144
481 286 3758118160
481 305 3758118176
481 411 3758118192
481 412 3758118208
481 421 3758118224
481 481 3758118240
481 552 3758118256
481 586 3758118272
481 685 3758118288
481 698 3758118304
481 738 3758118320
481 809 3758118336
481 845 3758118352
481 949 3758118368
481 950 3758118384
482 14 3758118400
482 41 3758118416
482 47 3758118432
482 48 3758118448
482 64 3758118464
482 74 3758118480
482 78 3758118496
482 79 3758118512
482 89 3758118528
482 129 3758118544
482 134 3758118560
482 143 3758118576
482 162 3758118592
482 172 3758118608
482 218 3758118624
482 228 3758118640
482 289 3758118656
482 301 3758118672
482 318 3758118688
482 331 3758118704
482 339 3758118720
482 340 3758118736
482 419 3758118752
482 423 3758118768
482 438 3758118784
482 450 3758118800
482 482 3758118816
482 483 3758118832
482 497 3758118848
482 521 3758118864
482 531 3758118880
482 535 3758118896
482 553 3758118912
482 554 3758118928
482 576 3758118944
482 593 3758118960
482 598 3758118976
482 655 3758118992
482 679 3758119008
482 777 3758119024
483 47 3758119040
483 61 3758119056
483 94 3758119072
483 113 3758119088
483 128 3758119104
483 133 3758119120
483 157 3758119136
483 165 3758119152
483 167 3758119168
483 172 3758119184
483 178 3758119200
483 214 3758119216
483 219 3758119232
483 226 3758119248
483 232 3758119264
483 255 3758119280
483 280 3758119296
483 320 3758119312
483 321 3758119328
483 340 3758119344
483 342 3758119360
483 345 3758119376
483 351 3758119392
483 352 3758119408
483 377 3758119424
483 464 3758119440
483 482 3758119456
483 483 3758119472
483 556 3758119488
483 727 3758119504
483 764 3758119520
483 851 3758119536
484 64 3758119552
484 83 3758119568
484 86 3758119584
484 87 3758119600
484 129 3758119616
484 143 3758119632
484 168 3758119648
484 290 3758119664
484 292 3758119680
484 448 3758119696
484 484 3758119712
484 494 3758119728
484 515 3758119744
484 563 3758119760
484 572 3758119776
484 694 3758119792
484 822 3758119808
485 48 3758119824
485 74 3758119840
485 76 3758119856
485 86 3758119872
485 113 3758119888
485 114 3758119904
485 166 3758119920
485 170 3758119936
485 198 3758119952
485 245 3758119968
485 263 3758119984
485 318 3758120000
485 333 3758120016
485 387 3758120032
485 417 3758120048
485 423 3758120064
485 442 3758120080
485 444 3758120096
485 455 3758120112
485 485 3758120128
486 5 3758120144
486 14 3758120160
486 21 3758120176
486 28 3758120192
486 29 3758120208
486 35 3758120224
486 36 3758120240
486 44 3758120256
486 51 3758120272
486 63 3758120288
486 81 3758120304
486 94 3758120320
486 106 3758120336
486 113 3758120352
486 114 3758120368
486 115 3758120384
486 128 3758120400
486 129 3758120416
486 165 3758120432
486 168 3758120448
486 169 3758120464
486 176 3758120480
486 183 3758120496
486 184 3758120512
486 188 3758120528
486 201 3758120544
486 232 3758120560
486 245 3758120576
486 261 3758120592
486 263 3758120608
486 278 3758120624
486 280 3758120640
486 285 3758120656
486 286 3758120672
486 292 3758120688
486 303 3758120704
486 318 3758120720
486 327 3758120736
486 329 3758120752
486 333 3758120768
486 353 3758120784
486 356 3758120800
486 357 3758120816
486 362 3758120832
486 365 3758120848
486 367 3758120864
486 394 3758120880
486 410 3758120896
486 417 3758120912
486 426 3758120928
486 430 3758120944
486 458 3758120960
486 478 3758120976
486 486 3758120992
486 611 3758121008
486 664 3758121024
486 714 3758121040
486 725 3758121056
486 820 3758121072
487 9 3758121088
487 213 3758121104
487 332 3758121120
487 421 3758121136
487 451 3758121152
487 452 3758121168
487 487 3758121184
487 488 3758121200
487 496 3758121216
487 529 3758121232
487 558 3758121248
487 805 3758121264
487 922 3758121280
488 141 3758121296
488 362 3758121312
488 421 3758121328
488 466 3758121344
488 487 3758121360
488 496 3758121376
488 498 3758121392
488 499 3758121408
488 529 3758121424
488 922 3758121440
489 2 3758121456
489 5 3758121472
489 6 3758121488
489 16 3758121504
489 21 3758121520
489 64 3758121536
489 82 3758121552
489 87 3758121568
489 105 3758121584
489 106 3758121600
489 121 3758121616
489 129 3758121632
489 132 3758121648
489 157 3758121664
489 210 3758121680
489 211 3758121696
489 212 3758121712
489 229 3758121728
489 249 3758121744
489 256 3758121760
489 300 3758121776
489 305 3758121792
489 365 3758121808
489 405 3758121824
489 408 3758121840
489 419 3758121856
489 434 3758121872
489 473 3758121888
489 489 3758121904
489 528 3758121920
489 644 3758121936
489 771 3758121952
490 80 3758121968
490 82 3758121984
490 106 3758122000
490 121 3758122016
490 128 3758122032
490 129 3758122048
490 149 3758122064
490 209 3758122080
490 256 3758122096
490 258 3758122112
490 295 3758122128
490 356 3758122144
490 365 3758122160
490 371 3758122176
490 377 3758122192
490 405 3758122208
490 419 3758122224
490 420 3758122240
490 434 3758122256
490 459 3758122272
490 460 3758122288
490 490 3758122304
490 518 3758122320
490 607 3758122336
491 117 3758122352
491 127 3758122368
491 163 3758122384
491 167 3758122400
491 168 3758122416
491 170 3758122432
491 340 3758122448
491 377 3758122464
491 378 3758122480
491 390 3758122496
491 453 3758122512
491 490 3758122528
491 491 3758122544
491 497 3758122560
491 548 3758122576
491 624 3758122592
491 695 3758122608
491 753 3758122624
491 816 3758122640
492 5 3758122656
492 48 3758122672
492 64 3758122688
492 83 3758122704
492 105 3758122720
492 107 3758122736
492 115 3758122752
492 144 3758122768
492 152 3758122784
492 160 3758122800
492 165 3758122816
492 166 3758122832
492 186 3758122848
492 212 3758122864
492 254 3758122880
492 256 3758122896
492 283 3758122912
492 333 3758122928
492 510 3758122944
492 518 3758122960
492 612 3758122976
492 678 3758122992
492 932 3758123008
492 950 3758123024
493 14 3758123040
493 41 3758123056
493 62 3758123072
493 65 3758123088
493 82 3758123104
493 84 3758123120
493 87 3758123136
493 93 3758123152
493 105 3758123168
493 107 3758123184
493 121 3758123200
493 129 3758123216
493 133 3758123232
493 166 3758123248
493 168 3758123264
493 172 3758123280
493 180 3758123296
493 183 3758123312
493 212 3758123328
493 232 3758123344
493 249 3758123360
493 254 3758123376
493 256 3758123392
493 270 3758123408
493 275 3758123424
493 280 3758123440
493 282 3758123456
493 283 3758123472
493 290 3758123488
493 291 3758123504
493 292 3758123520
493 294 3758123536
493 399 3758123552
493 401 3758123568
493 403 3758123584
493 413 3758123600
493 419 3758123616
493 422 3758123632
493 424 3758123648
493 425 3758123664
493 426 3758123680
493 434 3758123696
493 440 3758123712
493 450 3758123728
493 457 3758123744
493 458 3758123760
493 460 3758123776
493 464 3758123792
493 473 3758123808
493 483 3758123824
493 486 3758123840
493 515 3758123856
493 522 3758123872
493 523 3758123888
493 526 3758123904
493 543 3758123920
493 562 3758123936
493 563 3758123952
493 568 3758123968
493 572 3758123984
493 585 3758124000
493 600 3758124016
493 611 3758124032
493 615 3758124048
493 694 3758124064
493 817 3758124080
493 820 3758124096
493 835 3758124112
493 909 3758124128
494 2 3758124144
494 12 3758124160
494 23 3758124176
494 24 3758124192
494 25 3758124208
494 27 3758124224
494 39 3758124240
494 58 3758124256
494 62 3758124272
494 68 3758124288
494 70 3758124304
494 75 3758124320
494 81 3758124336
494 83 3758124352
494 86 3758124368
494 90 3758124384
494 93 3758124400
494 100 3758124416
494 106 3758124432
494 107 3758124448
494 108 3758124464
494 113 3758124480
494 115 3758124496
494 121 3758124512
494 128 3758124528
494 141 3758124544
494 152 3758124560
494 160 3758124576
494 165 3758124592
494 168 3758124608
494 170 3758124624
494 173 3758124640
494 187 3758124656
494 190 3758124672
494 191 3758124688
494 197 3758124704
494 209 3758124720
494 210 3758124736
494 212 3758124752
494 215 3758124768
494 222 3758124784
494 225 3758124800
494 226 3758124816
494 229 3758124832
494 234 3758124848
494 252 3758124864
494 261 3758124880
494 268 3758124896
494 280 3758124912
494 281 3758124928
494 283 3758124944
494 287 3758124960
494 290 3758124976
494 296 3758124992
494 308 3758125008
494 310 3758125024
494 312 3758125040
494 318 3758125056
494 328 3758125072
494 340 3758125088
494 366 3758125104
494 371 3758125120
494 372 3758125136
494 375 3758125152
494 377 3758125168
494 395 3758125184
494 417 3758125200
494 438 3758125216
494 450 3758125232
494 458 3758125248
494 464 3758125264
494 466 3758125280
494 470 3758125296
494 474 3758125312
494 480 3758125328
494 484 3758125344
494 494 3758125360
494 504 3758125376
494 506 3758125392
494 509 3758125408
494 510 3758125424
494 515 3758125440
494 529 3758125456
494 539 3758125472
494 543 3758125488
494 544 3758125504
494 576 3758125520
494 588 3758125536
494 590 3758125552
494 593 3758125568
494 601 3758125584
494 662 3758125600
494 690 3758125616
494 714 3758125632
494 932 3758125648
495 1 3758125664
495 16 3758125680
495 20 3758125696
495 21 3758125712
495 46 3758125728
495 60 3758125744
495 74 3758125760
495 82 3758125776
495 83 3758125792
495 87 3758125808
495 105 3758125824
495 106 3758125840
495 107 3758125856
495 114 3758125872
495 118 3758125888
495 128 3758125904
495 129 3758125920
495 155 3758125936
495 160 3758125952
495 169 3758125968
495 170 3758125984
495 203 3758126000
495 208 3758126016
495 211 3758126032
495 214 3758126048
495 215 3758126064
495 218 3758126080
495 222 3758126096
495 223 3758126112
495 227 3758126128
495 228 3758126144
495 249 3758126160
495 250 3758126176
495 256 3758126192
495 278 3758126208
495 283 3758126224
495 290 3758126240
495 296 3758126256
495 309 3758126272
495 315 3758126288
495 316 3758126304
495 329 3758126320
495 342 3758126336
495 351 3758126352
495 360 3758126368
495 363 3758126384
495 365 3758126400
495 367 3758126416
495 371 3758126432
495 377 3758126448
495 384 3758126464
495 405 3758126480
495 419 3758126496
495 434 3758126512
495 459 3758126528
495 460 3758126544
495 468 3758126560
495 473 3758126576
495 495 3758126592
495 526 3758126608
495 606 3758126624
495 638 3758126640
495 641 3758126656
495 671 3758126672
495 673 3758126688
495 739 3758126704
495 748 3758126720
