115 163 2147483648
115 165 2147483664
115 166 2147483680
115 169 2147483696
115 170 2147483712
115 171 2147483728
115 172 2147483744
115 173 2147483760
115 184 2147483776
115 208 2147483792
115 212 2147483808
115 229 2147483824
115 232 2147483840
115 233 2147483856
115 245 2147483872
115 249 2147483888
115 251 2147483904
115 252 2147483920
115 261 2147483936
115 263 2147483952
115 280 2147483968
115 283 2147483984
115 301 2147484000
115 302 2147484016
115 318 2147484032
115 333 2147484048
115 336 2147484064
115 337 2147484080
115 338 2147484096
115 339 2147484112
115 340 2147484128
115 355 2147484144
115 361 2147484160
115 363 2147484176
115 366 2147484192
115 367 2147484208
115 373 2147484224
115 411 2147484240
115 417 2147484256
115 420 2147484272
115 421 2147484288
115 422 2147484304
115 424 2147484320
115 427 2147484336
115 434 2147484352
115 436 2147484368
115 437 2147484384
115 438 2147484400
115 439 2147484416
115 442 2147484432
115 443 2147484448
115 453 2147484464
115 455 2147484480
115 460 2147484496
115 486 2147484512
115 492 2147484528
115 493 2147484544
115 494 2147484560
115 513 2147484576
115 531 2147484592
115 533 2147484608
115 546 2147484624
115 548 2147484640
115 612 2147484656
115 615 2147484672
115 644 2147484688
115 753 2147484704
115 812 2147484720
115 816 2147484736
115 820 2147484752
115 860 2147484768
115 883 2147484784
115 900 2147484800
115 914 2147484816
115 932 2147484832
115 978 2147484848
115 987 2147484864
116 23 2147484880
116 27 2147484896
116 28 2147484912
116 29 2147484928
116 30 2147484944
116 32 2147484960
116 34 2147484976
116 35 2147484992
116 38 2147485008
116 39 2147485024
116 40 2147485040
116 47 2147485056
116 74 2147485072
116 79 2147485088
116 96 2147485104
116 113 2147485120
116 114 2147485136
116 115 2147485152
116 116 2147485168
116 118 2147485184
116 123 2147485200
116 128 2147485216
116 129 2147485232
116 133 2147485248
116 135 2147485264
116 136 2147485280
116 151 2147485296
116 160 2147485312
116 165 2147485328
116 169 2147485344
116 170 2147485360
116 171 2147485376
116 183 2147485392
116 207 2147485408
116 245 2147485424
116 251 2147485440
116 261 2147485456
116 263 2147485472
116 280 2147485488
116 329 2147485504
116 336 2147485520
116 337 2147485536
116 338 2147485552
116 339 2147485568
116 340 2147485584
116 361 2147485600
116 367 2147485616
116 370 2147485632
116 411 2147485648
116 417 2147485664
116 420 2147485680
116 434 2147485696
116 437 2147485712
116 438 2147485728
116 443 2147485744
116 455 2147485760
116 460 2147485776
116 464 2147485792
116 470 2147485808
116 513 2147485824
116 531 2147485840
116 548 2147485856
116 655 2147485872
116 725 2147485888
116 753 2147485904
116 816 2147485920
116 883 2147485936
116 914 2147485952
116 987 2147485968
117 62 2147485984
117 100 2147486000
117 106 2147486016
117 117 2147486032
117 118 2147486048
117 121 2147486064
117 160 2147486080
117 170 2147486096
117 189 2147486112
117 211 2147486128
117 223 2147486144
117 409 2147486160
117 460 2147486176
118 13 2147486192
118 20 2147486208
118 21 2147486224
118 51 2147486240
118 83 2147486256
118 84 2147486272
118 116 2147486288
118 117 2147486304
118 118 2147486320
118 121 2147486336
118 128 2147486352
118 132 2147486368
118 183 2147486384
118 209 2147486400
118 279 2147486416
118 300 2147486432
118 301 2147486448
118 326 2147486464
118 387 2147486480
118 409 2147486496
118 420 2147486512
118 495 2147486528
118 511 2147486544
118 549 2147486560
118 597 2147486576
118 651 2147486592
118 667 2147486608
118 748 2147486624
118 756 2147486640
119 333 2147486656
120 0 2147486672
120 5 2147486688
120 17 2147486704
120 18 2147486720
120 79 2147486736
120 94 2147486752
120 101 2147486768
120 120 2147486784
120 133 2147486800
120 218 2147486816
120 232 2147486832
120 333 2147486848
120 377 2147486864
120 758 2147486880
121 1 2147486896
121 4 2147486912
121 10 2147486928
121 12 2147486944
121 13 2147486960
121 15 2147486976
121 17 2147486992
121 18 2147487008
121 19 2147487024
121 20 2147487040
121 21 2147487056
121 23 2147487072
121 27 2147487088
121 28 2147487104
121 29 2147487120
121 30 2147487136
121 31 2147487152
121 36 2147487168
121 41 2147487184
121 44 2147487200
121 46 2147487216
121 51 2147487232
121 58 2147487248
121 63 2147487264
121 68 2147487280
121 71 2147487296
121 74 2147487312
121 77 2147487328
121 78 2147487344
121 79 2147487360
121 80 2147487376
121 81 2147487392
121 82 2147487408
121 83 2147487424
121 84 2147487440
121 86 2147487456
121 87 2147487472
121 88 2147487488
121 93 2147487504
121 96 2147487520
121 99 2147487536
121 105 2147487552
121 107 2147487568
121 110 2147487584
121 114 2147487600
121 115 2147487616
121 116 2147487632
121 117 2147487648
121 118 2147487664
121 121 2147487680
121 125 2147487696
121 127 2147487712
121 128 2147487728
121 129 2147487744
121 130 2147487760
121 131 2147487776
121 132 2147487792
121 137 2147487808
121 142 2147487824
121 143 2147487840
121 144 2147487856
121 145 2147487872
121 147 2147487888
121 151 2147487904
121 152 2147487920
121 153 2147487936
121 154 2147487952
121 158 2147487968
121 160 2147487984
121 163 2147488000
121 165 2147488016
121 166 2147488032
121 168 2147488048
121 169 2147488064
121 172 2147488080
121 173 2147488096
121 174 2147488112
121 179 2147488128
121 180 2147488144
121 183 2147488160
121 184 2147488176
121 186 2147488192
121 187 2147488208
121 189 2147488224
121 190 2147488240
121 191 2147488256
121 203 2147488272
121 208 2147488288
121 209 2147488304
121 210 2147488320
121 211 2147488336
121 212 2147488352
121 215 2147488368
121 217 2147488384
121 219 2147488400
121 221 2147488416
121 222 2147488432
121 223 2147488448
121 226 2147488464
121 228 2147488480
121 230 2147488496
121 232 2147488512
121 233 2147488528
121 234 2147488544
121 236 2147488560
121 242 2147488576
121 245 2147488592
121 249 2147488608
121 252 2147488624
121 253 2147488640
121 254 2147488656
121 255 2147488672
121 256 2147488688
121 261 2147488704
121 263 2147488720
121 269 2147488736
121 278 2147488752
121 280 2147488768
121 281 2147488784
121 282 2147488800
121 283 2147488816
121 285 2147488832
121 288 2147488848
121 290 2147488864
121 296 2147488880
121 300 2147488896
121 301 2147488912
121 303 2147488928
121 306 2147488944
121 308 2147488960
121 316 2147488976
121 318 2147488992
121 324 2147489008
121 326 2147489024
121 329 2147489040
121 333 2147489056
121 338 2147489072
121 340 2147489088
121 345 2147489104
121 353 2147489120
121 355 2147489136
121 356 2147489152
121 357 2147489168
121 362 2147489184
121 363 2147489200
121 365 2147489216
121 366 2147489232
121 367 2147489248
121 368 2147489264
121 371 2147489280
121 372 2147489296
121 373 2147489312
121 393 2147489328
121 395 2147489344
121 401 2147489360
121 404 2147489376
121 411 2147489392
121 419 2147489408
121 420 2147489424
121 423 2147489440
121 424 2147489456
121 425 2147489472
121 426 2147489488
121 427 2147489504
121 432 2147489520
121 433 2147489536
121 434 2147489552
121 438 2147489568
121 441 2147489584
121 453 2147489600
121 458 2147489616
121 462 2147489632
121 468 2147489648
121 473 2147489664
121 474 2147489680
121 480 2147489696
121 489 2147489712
121 490 2147489728
121 492 2147489744
121 493 2147489760
121 494 2147489776
121 495 2147489792
121 513 2147489808
121 518 2147489824
121 520 2147489840
121 526 2147489856
121 531 2147489872
121 533 2147489888
121 540 2147489904
121 543 2147489920
121 544 2147489936
121 546 2147489952
121 548 2147489968
121 550 2147489984
121 552 2147490000
121 568 2147490016
121 594 2147490032
121 601 2147490048
121 612 2147490064
121 615 2147490080
121 642 2147490096
121 647 2147490112
121 649 2147490128
121 651 2147490144
121 654 2147490160
121 661 2147490176
121 693 2147490192
121 714 2147490208
121 719 2147490224
121 726 2147490240
121 747 2147490256
121 748 2147490272
121 752 2147490288
121 759 2147490304
121 767 2147490320
121 792 2147490336
121 796 2147490352
121 820 2147490368
121 856 2147490384
121 859 2147490400
121 890 2147490416
121 963 2147490432
122 60 2147490448
122 95 2147490464
122 103 2147490480
122 122 2147490496
122 123 2147490512
122 130 2147490528
122 150 2147490544
122 156 2147490560
122 167 2147490576
122 168 2147490592
122 179 2147490608
122 180 2147490624
122 191 2147490640
122 231 2147490656
122 347 2147490672
122 351 2147490688
122 376 2147490704
122 397 2147490720
122 411 2147490736
122 468 2147490752
122 515 2147490768
122 656 2147490784
123 31 2147490800
123 41 2147490816
123 61 2147490832
123 95 2147490848
123 96 2147490864
123 103 2147490880
123 115 2147490896
123 116 2147490912
123 122 2147490928
123 123 2147490944
123 165 2147490960
123 169 2147490976
123 170 2147490992
123 172 2147491008
123 180 2147491024
123 251 2147491040
123 275 2147491056
123 302 2147491072
123 337 2147491088
123 338 2147491104
123 339 2147491120
123 411 2147491136
123 420 2147491152
123 438 2147491168
123 450 2147491184
123 455 2147491200
123 681 2147491216
123 900 2147491232
123 987 2147491248
124 45 2147491264
124 64 2147491280
124 97 2147491296
124 98 2147491312
124 99 2147491328
124 100 2147491344
124 101 2147491360
124 124 2147491376
124 125 2147491392
124 139 2147491408
124 142 2147491424
124 166 2147491440
124 173 2147491456
124 185 2147491472
124 282 2147491488
124 300 2147491504
124 323 2147491520
124 335 2147491536
124 353 2147491552
124 354 2147491568
124 371 2147491584
124 404 2147491600
124 405 2147491616
124 424 2147491632
124 429 2147491648
124 513 2147491664
124 592 2147491680
124 618 2147491696
124 640 2147491712
124 662 2147491728
124 706 2147491744
124 708 2147491760
124 768 2147491776
124 892 2147491792
124 896 2147491808
125 5 2147491824
125 15 2147491840
125 62 2147491856
125 97 2147491872
125 98 2147491888
125 99 2147491904
125 100 2147491920
125 101 2147491936
125 124 2147491952
125 125 2147491968
125 142 2147491984
125 166 2147492000
125 283 2147492016
125 323 2147492032
125 353 2147492048
125 354 2147492064
125 371 2147492080
125 404 2147492096
125 424 2147492112
125 618 2147492128
125 640 2147492144
125 708 2147492160
125 768 2147492176
125 937 2147492192
126 2 2147492208
126 6 2147492224
126 13 2147492240
126 54 2147492256
126 55 2147492272
126 56 2147492288
126 57 2147492304
126 58 2147492320
126 63 2147492336
126 126 2147492352
126 131 2147492368
126 137 2147492384
126 138 2147492400
126 174 2147492416
126 208 2147492432
126 211 2147492448
126 271 2147492464
126 285 2147492480
126 286 2147492496
126 411 2147492512
126 552 2147492528
126 586 2147492544
126 698 2147492560
126 723 2147492576
126 812 2147492592
127 1 2147492608
127 20 2147492624
127 21 2147492640
127 22 2147492656
127 36 2147492672
127 37 2147492688
127 92 2147492704
127 105 2147492720
127 107 2147492736
127 128 2147492752
127 129 2147492768
127 130 2147492784
127 160 2147492800
127 169 2147492816
127 189 2147492832
127 227 2147492848
127 318 2147492864
127 377 2147492880
127 533 2147492896
127 613 2147492912
128 1 2147492928
128 5 2147492944
128 6 2147492960
128 11 2147492976
128 13 2147492992
128 14 2147493008
128 15 2147493024
128 16 2147493040
128 21 2147493056
128 23 2147493072
128 27 2147493088
128 28 2147493104
128 30 2147493120
128 35 2147493136
128 36 2147493152
128 41 2147493168
128 42 2147493184
128 44 2147493200
128 51 2147493216
128 52 2147493232
128 53 2147493248
128 62 2147493264
128 63 2147493280
128 64 2147493296
128 79 2147493312
128 81 2147493328
128 82 2147493344
128 86 2147493360
128 87 2147493376
128 93 2147493392
128 94 2147493408
128 95 2147493424
128 105 2147493440
128 106 2147493456
128 107 2147493472
128 114 2147493488
128 116 2147493504
128 118 2147493520
128 121 2147493536
128 128 2147493552
128 129 2147493568
128 133 2147493584
128 143 2147493600
128 152 2147493616
128 155 2147493632
128 157 2147493648
128 160 2147493664
128 165 2147493680
128 166 2147493696
128 167 2147493712
128 169 2147493728
128 172 2147493744
128 183 2147493760
128 196 2147493776
128 197 2147493792
128 199 2147493808
128 200 2147493824
128 201 2147493840
128 203 2147493856
128 204 2147493872
128 205 2147493888
128 206 2147493904
128 207 2147493920
128 209 2147493936
128 210 2147493952
128 214 2147493968
128 215 2147493984
128 218 2147494000
128 220 2147494016
128 249 2147494032
128 256 2147494048
128 280 2147494064
128 283 2147494080
128 290 2147494096
128 295 2147494112
128 327 2147494128
128 340 2147494144
128 343 2147494160
128 346 2147494176
128 362 2147494192
128 363 2147494208
128 365 2147494224
128 367 2147494240
128 371 2147494256
128 377 2147494272
128 378 2147494288
128 388 2147494304
128 405 2147494320
128 419 2147494336
128 420 2147494352
128 430 2147494368
128 434 2147494384
128 445 2147494400
128 474 2147494416
128 486 2147494432
128 490 2147494448
128 494 2147494464
128 526 2147494480
128 557 2147494496
128 576 2147494512
128 593 2147494528
128 607 2147494544
128 734 2147494560
128 820 2147494576
128 900 2147494592
128 917 2147494608
128 932 2147494624
128 940 2147494640
128 955 2147494656
128 974 2147494672
129 14 2147494688
129 19 2147494704
129 21 2147494720
129 28 2147494736
129 35 2147494752
129 41 2147494768
129 42 2147494784
129 44 2147494800
129 46 2147494816
129 47 2147494832
129 53 2147494848
129 62 2147494864
129 63 2147494880
129 64 2147494896
129 65 2147494912
129 81 2147494928
129 86 2147494944
129 87 2147494960
129 88 2147494976
129 93 2147494992
129 105 2147495008
129 106 2147495024
129 107 2147495040
129 113 2147495056
129 114 2147495072
129 115 2147495088
129 116 2147495104
129 121 2147495120
129 123 2147495136
129 128 2147495152
129 129 2147495168
129 130 2147495184
129 133 2147495200
129 160 2147495216
129 161 2147495232
129 162 2147495248
129 165 2147495264
129 166 2147495280
129 168 2147495296
129 169 2147495312
129 172 2147495328
129 173 2147495344
129 176 2147495360
129 180 2147495376
129 183 2147495392
129 184 2147495408
129 186 2147495424
129 187 2147495440
129 188 2147495456
129 198 2147495472
129 203 2147495488
129 208 2147495504
129 210 2147495520
129 211 2147495536
129 212 2147495552
129 214 2147495568
129 221 2147495584
129 231 2147495600
129 232 2147495616
129 249 2147495632
129 256 2147495648
129 270 2147495664
129 275 2147495680
129 278 2147495696
129 280 2147495712
129 282 2147495728
129 283 2147495744
129 285 2147495760
129 286 2147495776
129 290 2147495792
129 291 2147495808
129 292 2147495824
129 294 2147495840
129 296 2147495856
129 303 2147495872
129 308 2147495888
129 329 2147495904
129 340 2147495920
129 343 2147495936
129 346 2147495952
129 351 2147495968
129 362 2147495984
129 363 2147496000
129 365 2147496016
129 367 2147496032
129 371 2147496048
129 377 2147496064
129 399 2147496080
129 401 2147496096
129 403 2147496112
129 405 2147496128
129 413 2147496144
129 419 2147496160
129 422 2147496176
129 426 2147496192
129 430 2147496208
129 434 2147496224
129 438 2147496240
129 440 2147496256
129 450 2147496272
129 457 2147496288
129 458 2147496304
129 460 2147496320
129 464 2147496336
129 473 2147496352
129 484 2147496368
129 486 2147496384
129 493 2147496400
129 495 2147496416
129 515 2147496432
129 526 2147496448
129 542 2147496464
129 543 2147496480
129 544 2147496496
129 546 2147496512
129 557 2147496528
129 562 2147496544
129 563 2147496560
129 568 2147496576
129 572 2147496592
129 576 2147496608
129 585 2147496624
129 600 2147496640
129 611 2147496656
129 615 2147496672
129 623 2147496688
129 694 2147496704
129 695 2147496720
129 714 2147496736
129 748 2147496752
129 789 2147496768
129 820 2147496784
129 840 2147496800
129 909 2147496816
129 922 2147496832
129 932 2147496848
130 130 2147496864
131 2 2147496880
131 54 2147496896
131 55 2147496912
131 57 2147496928
131 58 2147496944
131 63 2147496960
131 64 2147496976
131 82 2147496992
131 83 2147497008
131 87 2147497024
131 96 2147497040
131 101 2147497056
131 121 2147497072
131 126 2147497088
131 131 2147497104
131 132 2147497120
131 160 2147497136
131 163 2147497152
131 208 2147497168
131 211 2147497184
131 212 2147497200
131 249 2147497216
131 252 2147497232
131 271 2147497248
131 282 2147497264
131 283 2147497280
131 285 2147497296
131 305 2147497312
131 366 2147497328
131 373 2147497344
131 411 2147497360
131 419 2147497376
131 422 2147497392
131 481 2147497408
131 532 2147497424
131 552 2147497440
131 586 2147497456
131 604 2147497472
131 612 2147497488
131 646 2147497504
131 683 2147497520
131 698 2147497536
131 717 2147497552
131 809 2147497568
131 832 2147497584
131 859 2147497600
131 932 2147497616
131 949 2147497632
131 950 2147497648
131 963 2147497664
132 5 2147497680
132 6 2147497696
132 16 2147497712
132 46 2147497728
132 54 2147497744
132 58 2147497760
132 62 2147497776
132 63 2147497792
132 82 2147497808
132 86 2147497824
132 87 2147497840
132 89 2147497856
132 106 2147497872
132 107 2147497888
132 121 2147497904
132 131 2147497920
132 132 2147497936
132 142 2147497952
132 152 2147497968
132 158 2147497984
132 160 2147498000
132 166 2147498016
132 192 2147498032
132 194 2147498048
132 208 2147498064
132 210 2147498080
132 211 2147498096
132 217 2147498112
132 234 2147498128
132 236 2147498144
132 242 2147498160
132 243 2147498176
132 249 2147498192
132 252 2147498208
132 256 2147498224
132 258 2147498240
132 271 2147498256
132 282 2147498272
132 283 2147498288
132 285 2147498304
132 301 2147498320
132 305 2147498336
132 366 2147498352
132 371 2147498368
132 405 2147498384
132 411 2147498400
132 424 2147498416
132 434 2147498432
132 481 2147498448
132 518 2147498464
132 532 2147498480
132 552 2147498496
132 599 2147498512
132 738 2147498528
132 807 2147498544
132 809 2147498560
132 859 2147498576
132 949 2147498592
133 5 2147498608
133 10 2147498624
133 11 2147498640
133 14 2147498656
133 18 2147498672
133 25 2147498688
133 27 2147498704
133 28 2147498720
133 30 2147498736
133 39 2147498752
133 41 2147498768
133 42 2147498784
133 44 2147498800
133 51 2147498816
133 52 2147498832
133 60 2147498848
133 62 2147498864
133 64 2147498880
133 65 2147498896
133 79 2147498912
133 93 2147498928
133 106 2147498944
133 107 2147498960
133 113 2147498976
133 114 2147498992
133 116 2147499008
133 128 2147499024
133 129 2147499040
133 133 2147499056
133 135 2147499072
133 136 2147499088
133 142 2147499104
133 143 2147499120
133 155 2147499136
133 160 2147499152
133 162 2147499168
133 165 2147499184
133 166 2147499200
133 167 2147499216
133 168 2147499232
133 169 2147499248
133 170 2147499264
133 171 2147499280
133 172 2147499296
133 179 2147499312
133 181 2147499328
133 183 2147499344
133 201 2147499360
133 206 2147499376
133 208 2147499392
133 232 2147499408
133 256 2147499424
133 261 2147499440
133 280 2147499456
133 283 2147499472
133 284 2147499488
133 291 2147499504
133 292 2147499520
133 307 2147499536
133 308 2147499552
133 333 2147499568
133 336 2147499584
133 337 2147499600
133 340 2147499616
133 346 2147499632
133 361 2147499648
133 362 2147499664
133 365 2147499680
133 367 2147499696
133 377 2147499712
133 399 2147499728
133 400 2147499744
133 401 2147499760
133 402 2147499776
133 403 2147499792
133 405 2147499808
133 417 2147499824
133 419 2147499840
133 420 2147499856
133 443 2147499872
133 445 2147499888
133 464 2147499904
133 482 2147499920
133 493 2147499936
133 531 2147499952
133 544 2147499968
133 545 2147499984
133 547 2147500000
133 557 2147500016
133 568 2147500032
133 581 2147500048
133 600 2147500064
133 820 2147500080
134 5 2147500096
134 6 2147500112
134 10 2147500128
134 64 2147500144
134 74 2147500160
134 133 2147500176
134 134 2147500192
134 173 2147500208
134 340 2147500224
134 372 2147500240
134 373 2147500256
134 482 2147500272
134 521 2147500288
134 523 2147500304
134 535 2147500320
134 553 2147500336
134 554 2147500352
134 598 2147500368
134 766 2147500384
134 777 2147500400
134 867 2147500416
135 5 2147500432
135 23 2147500448
135 40 2147500464
135 62 2147500480
135 75 2147500496
135 96 2147500512
135 115 2147500528
135 116 2147500544
135 135 2147500560
135 136 2147500576
135 165 2147500592
135 251 2147500608
135 336 2147500624
135 337 2147500640
135 338 2147500656
135 339 2147500672
135 361 2147500688
135 409 2147500704
135 437 2147500720
135 443 2147500736
135 455 2147500752
135 860 2147500768
135 914 2147500784
136 27 2147500800
136 41 2147500816
136 89 2147500832
136 115 2147500848
136 116 2147500864
136 135 2147500880
136 136 2147500896
136 151 2147500912
136 165 2147500928
136 169 2147500944
136 170 2147500960
136 251 2147500976
136 337 2147500992
136 361 2147501008
136 437 2147501024
136 455 2147501040
136 464 2147501056
137 2 2147501072
137 3 2147501088
137 4 2147501104
137 6 2147501120
137 20 2147501136
137 21 2147501152
137 22 2147501168
137 46 2147501184
137 54 2147501200
137 56 2147501216
137 57 2147501232
137 58 2147501248
137 59 2147501264
137 62 2147501280
137 63 2147501296
137 80 2147501312
137 81 2147501328
137 87 2147501344
137 88 2147501360
137 92 2147501376
137 107 2147501392
137 121 2147501408
137 126 2147501424
137 129 2147501440
137 137 2147501456
137 138 2147501472
137 139 2147501488
137 155 2147501504
137 160 2147501520
137 164 2147501536
137 166 2147501552
137 174 2147501568
137 175 2147501584
137 183 2147501600
137 194 2147501616
137 208 2147501632
137 210 2147501648
137 211 2147501664
137 252 2147501680
137 272 2147501696
137 281 2147501712
137 285 2147501728
137 286 2147501744
137 298 2147501760
137 301 2147501776
137 303 2147501792
137 305 2147501808
137 329 2147501824
137 365 2147501840
137 371 2147501856
137 408 2147501872
137 412 2147501888
137 420 2147501904
137 434 2147501920
137 520 2147501936
137 546 2147501952
137 552 2147501968
137 571 2147501984
137 663 2147502000
137 665 2147502016
137 679 2147502032
137 685 2147502048
137 812 2147502064
137 815 2147502080
137 859 2147502096
137 877 2147502112
137 880 2147502128
138 2 2147502144
138 3 2147502160
138 4 2147502176
138 54 2147502192
138 56 2147502208
138 57 2147502224
138 58 2147502240
138 59 2147502256
138 63 2147502272
138 86 2147502288
138 126 2147502304
138 137 2147502320
138 160 2147502336
138 211 2147502352
138 252 2147502368
138 285 2147502384
138 286 2147502400
138 301 2147502416
138 305 2147502432
138 408 2147502448
138 409 2147502464
138 412 2147502480
138 420 2147502496
138 481 2147502512
138 685 2147502528
138 809 2147502544
138 815 2147502560
138 880 2147502576
138 921 2147502592
138 990 2147502608
139 15 2147502624
139 45 2147502640
139 46 2147502656
139 76 2147502672
139 107 2147502688
139 124 2147502704
139 129 2147502720
139 139 2147502736
139 140 2147502752
139 164 2147502768
139 216 2147502784
139 269 2147502800
139 273 2147502816
139 274 2147502832
139 282 2147502848
139 334 2147502864
139 335 2147502880
139 342 2147502896
139 428 2147502912
139 429 2147502928
139 445 2147502944
139 446 2147502960
139 447 2147502976
139 448 2147502992
139 461 2147503008
139 541 2147503024
139 581 2147503040
139 592 2147503056
139 819 2147503072
139 933 2147503088
140 5 2147503104
140 6 2147503120
140 15 2147503136
140 45 2147503152
140 46 2147503168
140 64 2147503184
140 139 2147503200
140 140 2147503216
140 164 2147503232
140 174 2147503248
140 216 2147503264
140 269 2147503280
140 272 2147503296
140 274 2147503312
140 282 2147503328
140 301 2147503344
140 322 2147503360
140 334 2147503376
140 335 2147503392
140 428 2147503408
140 429 2147503424
140 446 2147503440
140 447 2147503456
140 448 2147503472
140 461 2147503488
140 592 2147503504
140 617 2147503520
140 644 2147503536
140 735 2147503552
140 819 2147503568
140 929 2147503584
141 5 2147503600
141 6 2147503616
141 7 2147503632
141 8 2147503648
141 9 2147503664
141 11 2147503680
141 12 2147503696
141 14 2147503712
141 19 2147503728
141 44 2147503744
141 51 2147503760
141 62 2147503776
141 64 2147503792
141 81 2147503808
141 86 2147503824
141 107 2147503840
141 141 2147503856
141 142 2147503872
141 161 2147503888
141 166 2147503904
141 213 2147503920
141 232 2147503936
141 249 2147503952
141 265 2147503968
141 266 2147503984
141 293 2147504000
141 327 2147504016
141 332 2147504032
141 358 2147504048
141 359 2147504064
141 360 2147504080
141 362 2147504096
141 365 2147504112
141 407 2147504128
141 420 2147504144
141 421 2147504160
141 430 2147504176
141 431 2147504192
141 438 2147504208
141 452 2147504224
141 466 2147504240
141 488 2147504256
141 496 2147504272
141 498 2147504288
141 499 2147504304
141 502 2147504320
141 504 2147504336
141 506 2147504352
141 510 2147504368
141 525 2147504384
141 529 2147504400
141 533 2147504416
141 566 2147504432
141 573 2147504448
141 601 2147504464
141 602 2147504480
141 608 2147504496
141 661 2147504512
141 666 2147504528
141 672 2147504544
141 674 2147504560
141 729 2147504576
141 856 2147504592
141 913 2147504608
141 922 2147504624
141 951 2147504640
141 957 2147504656
142 1 2147504672
142 4 2147504688
142 10 2147504704
142 17 2147504720
142 19 2147504736
142 20 2147504752
142 23 2147504768
142 28 2147504784
142 31 2147504800
142 41 2147504816
142 44 2147504832
142 45 2147504848
142 46 2147504864
142 58 2147504880
142 62 2147504896
142 64 2147504912
142 68 2147504928
142 74 2147504944
142 77 2147504960
142 80 2147504976
142 81 2147504992
142 82 2147505008
142 83 2147505024
142 84 2147505040
142 85 2147505056
142 86 2147505072
142 88 2147505088
142 100 2147505104
142 105 2147505120
142 106 2147505136
142 115 2147505152
142 121 2147505168
142 124 2147505184
142 125 2147505200
142 128 2147505216
142 129 2147505232
142 131 2147505248
142 133 2147505264
142 142 2147505280
142 145 2147505296
142 147 2147505312
142 151 2147505328
142 152 2147505344
142 153 2147505360
142 160 2147505376
142 163 2147505392
142 165 2147505408
142 166 2147505424
142 172 2147505440
142 173 2147505456
142 180 2147505472
142 183 2147505488
142 184 2147505504
142 187 2147505520
142 210 2147505536
142 211 2147505552
142 216 2147505568
142 222 2147505584
142 226 2147505600
142 233 2147505616
142 236 2147505632
142 248 2147505648
142 253 2147505664
142 254 2147505680
142 256 2147505696
142 263 2147505712
142 269 2147505728
142 271 2147505744
142 280 2147505760
142 282 2147505776
142 283 2147505792
142 285 2147505808
142 291 2147505824
142 296 2147505840
142 300 2147505856
142 303 2147505872
142 333 2147505888
142 338 2147505904
142 340 2147505920
142 353 2147505936
142 355 2147505952
142 356 2147505968
142 357 2147505984
142 366 2147506000
142 367 2147506016
142 375 2147506032
142 393 2147506048
142 404 2147506064
142 418 2147506080
142 424 2147506096
142 427 2147506112
142 434 2147506128
142 441 2147506144
142 450 2147506160
142 453 2147506176
142 458 2147506192
142 467 2147506208
142 474 2147506224
142 483 2147506240
142 493 2147506256
142 494 2147506272
142 508 2147506288
142 531 2147506304
142 571 2147506320
142 576 2147506336
142 577 2147506352
142 593 2147506368
142 597 2147506384
142 667 2147506400
142 747 2147506416
142 756 2147506432
142 783 2147506448
142 812 2147506464
142 820 2147506480
142 828 2147506496
142 856 2147506512
142 859 2147506528
142 896 2147506544
142 932 2147506560
142 963 2147506576
143 10 2147506592
143 18 2147506608
143 41 2147506624
143 42 2147506640
143 51 2147506656
143 62 2147506672
143 82 2147506688
143 86 2147506704
143 90 2147506720
143 91 2147506736
143 93 2147506752
143 108 2147506768
143 121 2147506784
143 128 2147506800
143 133 2147506816
143 142 2147506832
143 143 2147506848
143 166 2147506864
143 172 2147506880
143 197 2147506896
143 201 2147506912
143 290 2147506928
143 325 2147506944
143 326 2147506960
143 328 2147506976
143 329 2147506992
143 340 2147507008
143 357 2147507024
143 375 2147507040
143 405 2147507056
143 413 2147507072
143 419 2147507088
143 469 2147507104
143 474 2147507120
143 478 2147507136
143 480 2147507152
143 482 2147507168
143 484 2147507184
143 548 2147507200
143 714 2147507216
143 758 2147507232
144 144 2147507248
144 145 2147507264
144 166 2147507280
144 186 2147507296
144 254 2147507312
144 283 2147507328
144 433 2147507344
144 434 2147507360
144 492 2147507376
144 546 2147507392
145 4 2147507408
145 17 2147507424
145 20 2147507440
145 21 2147507456
145 42 2147507472
145 46 2147507488
145 58 2147507504
145 83 2147507520
145 86 2147507536
145 87 2147507552
145 105 2147507568
145 106 2147507584
145 114 2147507600
145 115 2147507616
145 121 2147507632
145 144 2147507648
145 145 2147507664
145 147 2147507680
145 160 2147507696
145 163 2147507712
145 166 2147507728
145 170 2147507744
145 180 2147507760
145 187 2147507776
145 188 2147507792
145 212 2147507808
145 233 2147507824
145 239 2147507840
145 249 2147507856
145 252 2147507872
145 255 2147507888
145 256 2147507904
145 269 2147507920
145 271 2147507936
145 283 2147507952
145 290 2147507968
145 299 2147507984
145 300 2147508000
145 303 2147508016
145 326 2147508032
145 333 2147508048
145 366 2147508064
145 393 2147508080
145 404 2147508096
145 422 2147508112
145 427 2147508128
145 434 2147508144
145 462 2147508160
145 474 2147508176
145 518 2147508192
145 546 2147508208
145 571 2147508224
145 591 2147508240
145 612 2147508256
145 615 2147508272
145 771 2147508288
145 828 2147508304
145 832 2147508320
145 856 2147508336
145 950 2147508352
145 999 2147508368
146 0 2147508384
146 1 2147508400
146 17 2147508416
146 18 2147508432
146 21 2147508448
146 52 2147508464
146 66 2147508480
146 67 2147508496
146 81 2147508512
146 85 2147508528
146 120 2147508544
146 146 2147508560
146 147 2147508576
146 160 2147508592
146 166 2147508608
146 177 2147508624
146 183 2147508640
146 187 2147508656
146 189 2147508672
146 226 2147508688
146 299 2147508704
146 316 2147508720
146 368 2147508736
146 533 2147508752
146 601 2147508768
146 615 2147508784
146 779 2147508800
147 1 2147508816
147 13 2147508832
147 17 2147508848
147 42 2147508864
147 62 2147508880
147 82 2147508896
147 83 2147508912
147 85 2147508928
147 87 2147508944
147 105 2147508960
147 106 2147508976
147 107 2147508992
147 115 2147509008
147 121 2147509024
147 142 2147509040
147 145 2147509056
147 152 2147509072
147 154 2147509088
147 155 2147509104
147 160 2147509120
147 166 2147509136
147 173 2147509152
147 189 2147509168
147 212 2147509184
147 233 2147509200
