496 1 4798283776
497 3 4798283792
498 9 4798283808
499 1 4798283824
500 6 4798283840
501 6 4798283856
502 6 4798283872
503 9 4798283888
504 4 4798283904
505 2 4798283920
506 8 4798283936
507 4 4798283952
508 7 4798283968
509 7 4798283984
510 4 4798284000
511 7 4798284016
512 1 4798284032
513 1 4798284048
514 7 4798284064
515 4 4798284080
516 2 4798284096
517 5 4798284112
518 5 4798284128
519 1 4798284144
520 3 4798284160
521 8 4798284176
522 3 4798284192
523 2 4798284208
524 2 4798284224
525 9 4798284240
526 8 4798284256
527 6 4798284272
528 4 4798284288
529 2 4798284304
530 3 4798284320
531 9 4798284336
532 6 4798284352
533 3 4798284368
534 7 4798284384
535 5 4798284400
536 8 4798284416
537 2 4798284432
538 6 4798284448
539 9 4798284464
540 6 4798284480
541 7 4798284496
542 2 4798284512
543 8 4798284528
544 2 4798284544
545 5 4798284560
546 8 4798284576
547 4 4798284592
548 7 4798284608
549 9 4798284624
550 9 4798284640
551 5 4798284656
552 6 4798284672
553 4 4798284688
554 2 4798284704
555 6 4798284720
556 6 4798284736
557 3 4798284752
