0 82 520093696
1 4 520093704
2 588 520093712
3 448 520093720
4 178 520093728
5 1248 520093736
6 763 520093744
7 134 520093752
8 140 520093760
9 66 520093768
10 306 520093776
11 144 520093784
12 150 520093792
13 172 520093800
14 146 520093808
15 333 520093816
16 235 520093824
17 318 520093832
18 84 520093840
19 464 520093848
20 378 520093856
21 774 520093864
22 14 520093872
23 72 1056964608
23 80 520093880
24 74 1056964616
25 72 1056964624
26 184 1056964632
27 360 1056964640
28 546 1056964648
29 92 1056964656
30 114 1056964664
31 258 1056964672
32 161 1056964680
33 19 1056964688
34 26 1056964696
35 44 1056964704
36 80 1056964712
37 224 1056964720
38 246 1056964728
39 64 1056964736
40 106 1056964744
41 592 1056964752
42 402 1056964760
43 24 1056964768
44 664 1056964776
45 342 1056964784
46 441 1056964792
47 148 1056964800
48 357 1056964808
49 40 1056964816
50 12 1056964824
51 192 1056964832
52 96 1056964840
53 279 1056964848
54 432 1056964856
55 72 1056964864
56 123 1056964872
57 360 1056964880
58 575 1056964888
59 132 1056964896
60 416 1056964904
61 128 1593835520
61 136 1056964912
62 570 1593835528
63 1026 1593835536
64 565 1593835544
65 588 1593835552
66 104 1593835560
67 14 1593835568
68 40 1593835576
69 480 1593835584
70 72 1593835592
71 42 1593835600
72 48 1593835608
73 203 1593835616
74 656 1593835624
75 126 1593835632
76 75 1593835640
77 102 1593835648
79 280 1593835664
80 406 1593835672
81 356 1593835680
82 1135 1593835688
83 119 1593835696
84 1170 1593835704
85 112 1593835712
86 596 2130706432
86 604 1593835720
87 1000 2130706440
88 80 2130706448
89 371 2130706456
90 44 2130706464
91 174 2130706472
92 234 2130706480
93 152 2130706488
94 272 2130706496
95 320 2130706504
96 214 2130706512
97 48 2130706520
98 119 2130706528
99 38 2130706536
100 76 2130706544
101 21 2130706552
102 189 2130706560
103 264 2130706568
104 16 2130706576
105 714 2130706584
106 102 2130706592
107 1020 2130706600
108 333 2130706608
109 8 2130706616
110 42 2130706624
111 5 2130706632
112 72 2130706640
113 72 2130706648
114 254 2130706656
115 616 2667577344
115 632 2130706664
116 276 2667577352
117 78 2667577360
118 261 2667577368
119 5 2667577376
120 14 2667577384
121 1776 2667577392
122 66 2667577400
123 58 2667577408
124 140 2667577416
125 24 2667577424
126 225 2667577432
127 120 2667577440
128 110 2667577448
129 136 2667577456
130 9 2667577464
131 300 2667577472
132 58 2667577480
133 186 2667577488
134 168 2667577496
135 23 2667577504
136 119 2667577512
137 536 2667577520
138 150 2667577528
139 60 2667577536
140 124 2667577544
141 268 2667577552
142 840 2667577560
143 41 2667577568
144 80 2667577576
145 305 2667577584
146 216 2667577592
147 20 3204448256
147 22 2667577600
148 136 3204448264
149 234 3204448272
150 161 3204448280
151 62 3204448288
152 240 3204448296
153 322 3204448304
154 144 3204448312
155 126 3204448320
156 51 3204448328
157 630 3204448336
158 280 3204448344
159 99 3204448352
160 2004 3204448360
161 130 3204448368
162 252 3204448376
163 84 3204448384
164 328 3204448392
165 909 3204448400
166 1125 3204448408
167 455 3204448416
168 488 3204448424
169 420 3204448432
170 492 3204448440
171 140 3204448448
172 222 3204448456
173 520 3741319168
173 536 3204448464
174 177 3741319176
175 27 3741319184
176 93 3741319192
177 44 3741319200
178 87 3741319208
179 156 3741319216
180 560 3741319224
181 270 3741319232
182 396 3741319240
183 1113 3741319248
184 427 3741319256
185 176 3741319264
186 100 3741319272
187 441 3741319280
188 170 3741319288
189 114 3741319296
190 234 3741319304
191 280 3741319312
192 72 3741319320
193 96 3741319328
194 34 3741319336
195 99 3741319344
196 28 3741319352
197 144 3741319360
198 140 3741319368
199 225 3741319376
200 176 3741319384
201 153 3741319392
202 5 3741319400
204 60 3741319416
205 42 3741319424
206 165 3741319432
207 42 3741319440
208 27 3741319448
209 237 3741319456
210 64 3741319464
211 234 4278190080
211 252 3741319472
212 648 4278190088
213 180 4278190096
214 288 4278190104
215 511 4278190112
216 96 4278190120
217 114 4278190128
218 162 4278190136
219 8 4278190144
220 20 4278190152
221 387 4278190160
222 376 4278190168
223 376 4278190176
224 36 4278190184
225 20 4278190192
226 47 4278190200
227 9 4278190208
228 7 4278190216
229 135 4278190224
230 19 4278190232
231 522 4278190240
232 237 4278190248
233 162 4278190256
234 301 4278190264
235 180 4278190272
236 175 4278190280
237 208 4278190288
238 273 4278190296
240 17 4278190312
241 51 4278190320
242 92 4278190328
243 210 4278190336
244 140 4278190344
245 148 4278190352
246 105 4278190360
247 10 4278190368
248 64 4278190376
249 1440 4278190384
250 168 4278190392
251 33 4278190400
252 452 4278190408
253 105 4278190416
254 413 4815060992
254 427 4278190424
255 92 4815061000
256 416 4815061008
257 84 4815061016
258 102 4815061024
259 125 4815061032
260 144 4815061040
261 93 4815061048
262 115 4815061056
263 504 4815061064
264 245 4815061072
265 216 4815061080
266 261 4815061088
267 80 4815061096
268 180 4815061104
269 192 4815061112
270 28 4815061120
271 472 4815061128
272 266 4815061136
273 100 4815061144
274 48 4815061152
275 32 4815061160
276 2 4815061168
277 80 4815061176
278 200 4815061184
279 42 4815061192
280 380 4815061200
281 342 4815061208
282 936 4815061216
283 1062 4815061224
284 80 4815061232
285 380 4815061240
286 210 4815061248
287 51 4815061256
288 96 4815061264
290 528 4815061280
291 168 4815061288
292 192 4815061296
293 119 4815061304
294 144 4815061312
295 116 5351931904
295 124 4815061320
296 21 5351931912
297 65 5351931920
298 112 5351931928
299 19 5351931936
300 490 5351931944
301 609 5351931952
302 144 5351931960
303 261 5351931968
304 132 5351931976
305 270 5351931984
306 280 5351931992
307 100 5351932000
308 96 5351932008
309 369 5351932016
310 207 5351932024
311 138 5351932032
312 100 5351932040
313 6 5351932048
314 235 5351932056
316 72 5351932072
317 126 5351932080
318 276 5351932088
319 7 5351932096
320 294 5351932104
321 53 5351932112
322 216 5351932120
323 288 5351932128
324 33 5351932136
325 14 5351932144
326 207 5351932152
327 224 5351932160
328 90 5351932168
329 308 5351932176
330 24 5351932184
331 40 5351932192
332 207 5351932200
333 500 5351932208
334 45 5351932216
335 60 5351932224
336 110 5351932232
337 240 5351932240
338 288 5351932248
339 392 5351932256
340 504 5351932264
341 56 5351932272
342 462 5351932280
343 56 5888802816
343 72 5351932288
344 32 5888802824
345 160 5888802832
346 120 5888802840
347 26 5888802848
348 8 5888802856
349 18 5888802864
350 126 5888802872
351 288 5888802880
352 76 5888802888
353 259 5888802896
354 8 5888802904
355 129 5888802912
356 210 5888802920
357 280 5888802928
358 48 5888802936
359 32 5888802944
360 119 5888802952
361 288 5888802960
362 294 5888802968
363 44 5888802976
364 4 5888802984
365 4 5888802992
366 553 5888803000
367 520 5888803008
368 34 5888803016
369 6 5888803024
370 306 5888803032
371 384 5888803040
372 161 5888803048
373 195 5888803056
374 54 5888803064
375 348 5888803072
376 396 5888803080
377 1048 5888803088
378 72 5888803096
379 468 5888803104
380 128 5888803112
381 108 5888803120
383 8 5888803136
385 15 5888803152
387 37 5888803168
388 126 5888803176
389 270 5888803184
390 220 5888803192
391 22 5888803200
392 9 5888803208
393 300 5888803216
394 203 5888803224
395 81 5888803232
396 9 5888803240
397 60 6425673728
397 70 5888803248
399 40 6425673744
400 124 6425673752
401 123 6425673760
402 7 6425673768
403 72 6425673776
404 385 6425673784
405 440 6425673792
406 36 6425673800
407 42 6425673808
408 104 6425673816
409 336 6425673824
410 64 6425673832
411 855 6425673840
412 576 6425673848
413 225 6425673856
414 66 6425673864
415 18 6425673872
416 2 6425673880
417 275 6425673888
418 80 6425673896
419 182 6425673904
420 742 6425673912
421 32 6425673920
422 304 6425673928
423 108 6425673936
424 226 6425673944
425 96 6425673952
426 468 6425673960
427 423 6425673968
428 23 6425673976
429 270 6425673984
430 352 6425673992
431 33 6425674000
432 9 6425674008
433 95 6425674016
434 471 6425674024
435 98 6425674032
437 18 6962544640
437 36 6425674048
438 395 6962544648
440 192 6962544664
441 240 6962544672
442 70 6962544680
443 270 6962544688
444 78 6962544696
445 80 6962544704
446 95 6962544712
447 26 6962544720
448 288 6962544728
450 204 6962544744
451 12 6962544752
452 304 6962544760
453 130 6962544768
454 28 6962544776
455 53 6962544784
456 18 6962544792
457 126 6962544800
458 39 6962544808
459 378 6962544816
460 324 6962544824
461 144 6962544832
462 57 6962544840
463 6 6962544848
464 315 6962544856
465 126 6962544864
466 176 6962544872
467 144 6962544880
469 24 6962544896
470 114 6962544904
471 99 6962544912
473 637 6962544928
474 455 6962544936
476 16 6962544952
477 7 6962544960
478 315 6962544968
479 9 6962544976
480 102 6962544984
481 320 6962544992
482 120 6962545000
483 64 6962545008
484 153 6962545016
485 40 6962545024
486 472 6962545032
487 13 6962545040
488 40 6962545048
489 32 6962545056
490 120 6962545064
491 95 6962545072
492 144 6962545080
493 345 6962545088
494 248 7499415552
494 264 6962545096
495 201 7499415560
496 18 7499415568
497 33 7499415576
498 756 7499415584
499 41 7499415592
500 78 7499415600
501 6 7499415608
502 108 7499415616
503 36 7499415624
504 132 7499415632
506 408 7499415648
507 16 7499415656
508 161 7499415664
509 280 7499415672
510 52 7499415680
511 77 7499415688
512 5 7499415696
513 35 7499415704
514 21 7499415712
515 108 7499415720
516 28 7499415728
517 20 7499415736
518 200 7499415744
519 16 7499415752
520 144 7499415760
521 96 7499415768
522 9 7499415776
523 26 7499415784
524 2 7499415792
525 270 7499415800
526 360 7499415808
527 72 7499415816
528 44 7499415824
529 54 7499415832
530 21 7499415840
531 297 7499415848
532 6 7499415856
533 369 7499415864
534 21 7499415872
535 40 7499415880
536 88 7499415888
537 86 7499415896
538 60 7499415904
539 27 7499415912
540 36 7499415920
541 119 7499415928
542 36 7499415936
543 256 7499415944
544 32 7499415952
545 70 7499415960
546 608 7499415968
547 80 7499415976
548 203 7499415984
549 684 7499415992
550 126 7499416000
551 80 7499416008
552 156 7499416016
553 28 7499416024
554 18 7499416032
555 18 7499416040
556 48 7499416048
557 45 7499416056
558 9 7499416064
559 48 7499416072
560 153 7499416080
562 189 7499416096
563 100 7499416104
564 231 7499416112
565 45 8036286464
565 63 7499416120
566 42 8036286472
567 4 8036286480
568 23 8036286488
569 238 8036286496
570 32 8036286504
572 135 8036286520
573 153 8036286528
577 65 8036286560
579 80 8036286576
580 1 8036286584
581 52 8036286592
582 56 8036286600
585 28 8036286624
587 32 8036286640
588 56 8036286648
589 126 8036286656
590 30 8036286664
591 21 8036286672
592 93 8036286680
593 225 8036286688
596 30 8036286712
597 72 8036286720
598 7 8036286728
599 39 8036286736
600 35 8036286744
601 117 8036286752
602 153 8036286760
607 138 8036286800
608 46 8036286808
609 3 8036286816
610 144 8036286824
611 68 8036286832
612 189 8036286840
613 54 8036286848
614 10 8036286856
615 50 8036286864
616 20 8036286872
617 3 8036286880
618 8 8036286888
619 56 8036286896
620 8 8036286904
621 70 8036286912
623 5 8036286928
624 4 8036286936
627 13 8036286960
628 7 8036286968
629 8 8036286976
630 9 8036286984
631 7 8036286992
632 18 8036287000
633 4 8036287008
634 16 8036287016
635 18 8036287024
636 3 8036287032
637 9 8036287040
638 115 8036287048
639 4 8036287056
640 36 8036287064
641 144 8036287072
642 40 8036287080
643 27 8036287088
644 78 8036287096
645 24 8036287104
646 8 8036287112
647 8 8036287120
648 5 8036287128
649 63 8036287136
650 7 8036287144
651 39 8036287152
652 35 8036287160
653 6 8036287168
654 54 8036287176
655 23 8036287184
658 4 8036287208
659 8 8036287216
660 7 8036287224
661 144 8036287232
662 126 8036287240
663 8 8036287248
664 20 8036287256
665 44 8036287264
666 95 8036287272
667 24 8036287280
669 16 8036287296
670 6 8036287304
671 11 8036287312
672 28 8036287320
673 8 8036287328
674 19 8036287336
675 6 8036287344
678 77 8036287368
679 45 8036287376
681 34 8036287392
683 4 8036287408
684 9 8036287416
685 90 8036287424
686 21 8036287432
689 4 8036287456
690 90 8036287464
691 1 8036287472
692 8 8036287480
694 28 8036287496
695 150 8036287504
696 20 8036287512
697 4 8036287520
698 52 8036287528
699 39 8036287536
700 64 8036287544
703 7 8036287568
704 3 8036287576
705 10 8036287584
706 32 8036287592
707 216 8036287600
708 108 8036287608
710 84 8036287624
711 6 8036287632
713 2 8036287648
714 48 8036287656
715 12 8036287664
716 14 8036287672
717 28 8036287680
719 24 8036287696
720 207 8036287704
721 12 8036287712
723 45 8036287728
725 3 8036287744
726 112 8036287752
727 27 8036287760
728 8 8036287768
730 117 8036287784
731 7 8036287792
732 2 8036287800
733 96 8036287808
734 2 8036287816
735 4 8036287824
736 12 8036287832
737 18 8036287840
738 156 8036287848
740 4 8036287864
741 3 8036287872
742 18 8036287880
743 4 8036287888
744 1 8036287896
745 5 8036287904
746 5 8036287912
747 35 8036287920
748 52 8036287928
750 9 8036287944
751 15 8036287952
753 11 8036287968
754 57 8036287976
755 2 8036287984
756 192 8036287992
757 2 8036288000
758 2 8036288008
759 8 8036288016
760 21 8036288024
763 14 8036288048
765 80 8036288064
766 28 8036288072
768 10 8036288088
772 5 8036288120
773 8 8036288128
776 57 8036288152
777 112 8036288160
778 8 8036288168
779 8 8036288176
783 48 8036288208
784 3 8036288216
786 28 8036288232
788 10 8036288248
789 6 8036288256
790 1 8036288264
791 16 8036288272
793 27 8036288288
797 4 8573157376
797 8 8036288320
798 2 8573157384
799 9 8573157392
800 28 8573157400
802 54 8573157416
803 105 8573157424
806 54 8573157448
808 2 8573157464
809 387 8573157472
810 96 8573157480
811 20 8573157488
812 495 8573157496
813 144 8573157504
814 8 8573157512
815 126 8573157520
816 30 8573157528
817 6 8573157536
818 27 8573157544
820 120 8573157560
821 10 8573157568
822 102 8573157576
823 120 8573157584
824 1 8573157592
825 16 8573157600
826 40 8573157608
828 176 8573157624
829 24 8573157632
832 23 8573157656
833 56 8573157664
835 2 8573157680
836 10 8573157688
837 12 8573157696
838 7 8573157704
839 7 8573157712
840 55 8573157720
841 56 8573157728
843 3 8573157744
844 7 8573157752
845 168 8573157760
846 16 8573157768
847 54 8573157776
849 8 8573157792
851 90 8573157808
852 6 8573157816
855 15 8573157840
856 336 8573157848
858 3 8573157864
859 462 8573157872
860 184 8573157880
863 9 8573157904
865 60 8573157920
866 2 8573157928
869 32 8573157952
872 63 8573157976
875 5 8573158000
877 18 8573158016
878 12 8573158024
879 7 8573158032
880 168 8573158040
883 77 8573158064
884 2 8573158072
885 20 8573158080
886 70 8573158088
887 12 8573158096
889 12 8573158112
890 1 8573158120
891 14 8573158128
892 51 8573158136
895 6 8573158160
896 168 8573158168
898 3 8573158184
900 56 8573158200
901 9 8573158208
902 1 8573158216
903 8 8573158224
905 27 8573158240
906 6 8573158248
907 30 8573158256
908 115 8573158264
909 25 8573158272
912 36 8573158296
913 70 8573158304
914 85 8573158312
917 104 8573158336
918 207 8573158344
919 40 8573158352
920 9 8573158360
921 27 8573158368
922 76 8573158376
923 2 8573158384
924 54 8573158392
925 15 8573158400
926 12 8573158408
927 108 8573158416
929 60 8573158432
930 52 8573158440
931 84 8573158448
932 352 8573158456
933 80 8573158464
935 14 8573158480
936 168 8573158488
937 45 8573158496
938 7 8573158504
939 3 8573158512
941 3 8573158528
942 4 8573158536
943 7 8573158544
944 7 8573158552
945 12 8573158560
947 6 8573158576
949 110 8573158592
950 54 8573158600
951 8 8573158608
952 21 8573158616
953 104 8573158624
954 18 8573158632
955 6 8573158640
956 42 8573158648
957 27 8573158656
958 12 8573158664
962 9 8573158696
963 80 8573158704
968 3 8573158744
969 4 8573158752
970 10 8573158760
971 282 8573158768
974 54 8573158792
976 50 8573158808
977 1 8573158816
978 21 8573158824
979 24 8573158832
980 40 8573158840
981 200 8573158848
982 4 8573158856
989 4 8573158912
990 4 8573158920
991 21 8573158928
992 18 8573158936
995 9 8573158960
996 5 8573158968
999 9 8573158992
1000 12 8573159000
1001 72 8573159008
1003 5 8573159024
