343 207 5368709120
343 214 5368709136
343 278 5368709152
343 343 5368709168
343 345 5368709184
343 681 5368709200
343 820 5368709216
344 148 5368709232
344 149 5368709248
344 156 5368709264
344 176 5368709280
344 177 5368709296
344 178 5368709312
344 180 5368709328
344 191 5368709344
344 200 5368709360
344 231 5368709376
344 262 5368709392
344 344 5368709408
344 349 5368709424
344 377 5368709440
344 656 5368709456
344 814 5368709472
345 61 5368709488
345 130 5368709504
345 152 5368709520
345 157 5368709536
345 178 5368709552
345 179 5368709568
345 180 5368709584
345 191 5368709600
345 214 5368709616
345 256 5368709632
345 262 5368709648
345 342 5368709664
345 343 5368709680
345 345 5368709696
345 346 5368709712
345 350 5368709728
345 351 5368709744
345 352 5368709760
345 483 5368709776
345 681 5368709792
346 5 5368709808
346 6 5368709824
346 21 5368709840
346 51 5368709856
346 105 5368709872
346 128 5368709888
346 133 5368709904
346 157 5368709920
346 168 5368709936
346 172 5368709952
346 180 5368709968
346 181 5368709984
346 191 5368710000
346 206 5368710016
346 214 5368710032
346 291 5368710048
346 294 5368710064
346 342 5368710080
346 345 5368710096
346 346 5368710112
346 351 5368710128
346 409 5368710144
346 511 5368710160
346 820 5368710176
347 61 5368710192
347 122 5368710208
347 157 5368710224
347 160 5368710240
347 179 5368710256
347 180 5368710272
347 181 5368710288
347 191 5368710304
347 262 5368710320
347 307 5368710336
347 347 5368710352
347 349 5368710368
347 681 5368710384
348 180 5368710400
348 191 5368710416
349 5 5368710432
349 64 5368710448
349 122 5368710464
349 148 5368710480
349 149 5368710496
349 156 5368710512
349 160 5368710528
349 179 5368710544
349 180 5368710560
349 191 5368710576
349 262 5368710592
349 320 5368710608
349 344 5368710624
349 347 5368710640
349 348 5368710656
349 349 5368710672
349 402 5368710688
349 907 5368710704
350 94 5368710720
350 157 5368710736
350 180 5368710752
350 191 5368710768
350 204 5368710784
350 320 5368710800
350 342 5368710816
350 343 5368710832
350 345 5368710848
350 350 5368710864
350 351 5368710880
350 352 5368710896
350 377 5368710912
350 572 5368710928
350 593 5368710944
350 681 5368710960
350 851 5368710976
350 861 5368710992
351 1 5368711008
351 5 5368711024
351 28 5368711040
351 81 5368711056
351 87 5368711072
351 95 5368711088
351 106 5368711104
351 122 5368711120
351 129 5368711136
351 130 5368711152
351 155 5368711168
351 157 5368711184
351 161 5368711200
351 167 5368711216
351 178 5368711232
351 179 5368711248
351 180 5368711264
351 181 5368711280
351 191 5368711296
351 203 5368711312
351 210 5368711328
351 214 5368711344
351 249 5368711360
351 256 5368711376
351 278 5368711392
351 280 5368711408
351 283 5368711424
351 284 5368711440
351 296 5368711456
351 303 5368711472
351 320 5368711488
351 321 5368711504
351 329 5368711520
351 342 5368711536
351 345 5368711552
351 350 5368711568
351 351 5368711584
351 352 5368711600
351 363 5368711616
351 364 5368711632
351 365 5368711648
351 371 5368711664
351 377 5368711680
351 419 5368711696
351 420 5368711712
351 495 5368711728
351 575 5368711744
351 734 5368711760
352 41 5368711776
352 60 5368711792
352 178 5368711808
352 180 5368711824
352 206 5368711840
352 214 5368711856
352 342 5368711872
352 345 5368711888
352 346 5368711904
352 347 5368711920
352 350 5368711936
352 351 5368711952
352 352 5368711968
352 483 5368711984
352 546 5368712000
352 656 5368712016
352 681 5368712032
352 789 5368712048
352 851 5368712064
353 15 5368712080
353 86 5368712096
353 87 5368712112
353 97 5368712128
353 98 5368712144
353 99 5368712160
353 100 5368712176
353 101 5368712192
353 106 5368712208
353 121 5368712224
353 124 5368712240
353 125 5368712256
353 129 5368712272
353 142 5368712288
353 160 5368712304
353 183 5368712320
353 185 5368712336
353 249 5368712352
353 323 5368712368
353 353 5368712384
353 354 5368712400
353 365 5368712416
353 371 5368712432
353 404 5368712448
353 434 5368712464
353 592 5368712480
353 618 5368712496
353 640 5368712512
353 662 5368712528
353 687 5368712544
353 708 5368712560
353 709 5368712576
353 768 5368712592
353 770 5368712608
353 796 5368712624
353 935 5368712640
353 937 5368712656
354 64 5368712672
354 97 5368712688
354 100 5368712704
354 101 5368712720
354 185 5368712736
354 323 5368712752
354 353 5368712768
354 354 5368712784
355 16 5368712800
355 46 5368712816
355 62 5368712832
355 63 5368712848
355 83 5368712864
355 105 5368712880
355 106 5368712896
355 107 5368712912
355 114 5368712928
355 128 5368712944
355 137 5368712960
355 142 5368712976
355 152 5368712992
355 160 5368713008
355 166 5368713024
355 169 5368713040
355 170 5368713056
355 183 5368713072
355 184 5368713088
355 210 5368713104
355 211 5368713120
355 212 5368713136
355 249 5368713152
355 255 5368713168
355 256 5368713184
355 282 5368713200
355 283 5368713216
355 300 5368713232
355 303 5368713248
355 329 5368713264
355 333 5368713280
355 355 5368713296
355 356 5368713312
355 365 5368713328
355 371 5368713344
355 405 5368713360
355 420 5368713376
355 472 5368713392
355 473 5368713408
355 513 5368713424
355 518 5368713440
355 546 5368713456
355 654 5368713472
356 16 5368713488
356 62 5368713504
356 69 5368713520
356 81 5368713536
356 91 5368713552
356 106 5368713568
356 107 5368713584
356 108 5368713600
356 121 5368713616
356 142 5368713632
356 160 5368713648
356 183 5368713664
356 258 5368713680
356 282 5368713696
356 301 5368713712
356 329 5368713728
356 356 5368713744
356 357 5368713760
356 362 5368713776
356 366 5368713792
356 375 5368713808
356 405 5368713824
356 424 5368713840
356 474 5368713856
356 480 5368713872
356 509 5368713888
356 549 5368713904
356 612 5368713920
356 828 5368713936
356 896 5368713952
357 5 5368713968
357 16 5368713984
357 21 5368714000
357 62 5368714016
357 64 5368714032
357 68 5368714048
357 80 5368714064
357 81 5368714080
357 82 5368714096
357 91 5368714112
357 105 5368714128
357 106 5368714144
357 107 5368714160
357 108 5368714176
357 112 5368714192
357 121 5368714208
357 142 5368714224
357 143 5368714240
357 183 5368714256
357 184 5368714272
357 212 5368714288
357 256 5368714304
357 258 5368714320
357 282 5368714336
357 290 5368714352
357 301 5368714368
357 329 5368714384
357 356 5368714400
357 357 5368714416
357 375 5368714432
357 424 5368714448
357 454 5368714464
357 474 5368714480
357 478 5368714496
357 480 5368714512
357 486 5368714528
357 568 5368714544
357 589 5368714560
357 615 5368714576
357 671 5368714592
358 7 5368714608
358 8 5368714624
358 9 5368714640
358 11 5368714656
358 12 5368714672
358 43 5368714688
358 44 5368714704
358 73 5368714720
358 105 5368714736
358 141 5368714752
358 161 5368714768
358 213 5368714784
358 232 5368714800
358 247 5368714816
358 264 5368714832
358 266 5368714848
358 331 5368714864
358 332 5368714880
358 358 5368714896
358 406 5368714912
358 407 5368714928
358 452 5368714944
358 459 5368714960
358 466 5368714976
358 498 5368714992
358 499 5368715008
358 500 5368715024
358 501 5368715040
358 502 5368715056
358 503 5368715072
358 504 5368715088
358 505 5368715104
358 506 5368715120
358 510 5368715136
358 525 5368715152
358 530 5368715168
358 566 5368715184
358 573 5368715200
358 602 5368715216
358 608 5368715232
358 699 5368715248
358 700 5368715264
358 707 5368715280
358 729 5368715296
358 765 5368715312
358 805 5368715328
358 856 5368715344
358 913 5368715360
359 7 5368715376
359 9 5368715392
359 11 5368715408
359 44 5368715424
359 141 5368715440
359 213 5368715456
359 265 5368715472
359 267 5368715488
359 332 5368715504
359 359 5368715520
359 360 5368715536
359 421 5368715552
359 452 5368715568
359 466 5368715584
359 496 5368715600
359 498 5368715616
359 499 5368715632
359 502 5368715648
359 504 5368715664
359 525 5368715680
359 529 5368715696
359 533 5368715712
359 558 5368715728
359 569 5368715744
359 570 5368715760
359 608 5368715776
359 672 5368715792
359 699 5368715808
359 700 5368715824
359 707 5368715840
359 754 5368715856
359 951 5368715872
360 7 5368715888
360 11 5368715904
360 19 5368715920
360 105 5368715936
360 141 5368715952
360 170 5368715968
360 213 5368715984
360 235 5368716000
360 265 5368716016
360 293 5368716032
360 359 5368716048
360 360 5368716064
360 371 5368716080
360 498 5368716096
360 533 5368716112
360 569 5368716128
360 570 5368716144
361 25 5368716160
361 27 5368716176
361 29 5368716192
361 32 5368716208
361 34 5368716224
361 47 5368716240
361 62 5368716256
361 96 5368716272
361 107 5368716288
361 113 5368716304
361 114 5368716320
361 116 5368716336
361 135 5368716352
361 136 5368716368
361 151 5368716384
361 165 5368716400
361 171 5368716416
361 245 5368716432
361 261 5368716448
361 263 5368716464
361 318 5368716480
361 333 5368716496
361 339 5368716512
361 361 5368716528
361 367 5368716544
361 370 5368716560
361 417 5368716576
361 438 5368716592
361 443 5368716608
361 455 5368716624
361 547 5368716640
361 981 5368716656
362 5 5368716672
362 6 5368716688
362 7 5368716704
362 11 5368716720
362 12 5368716736
362 15 5368716752
362 16 5368716768
362 19 5368716784
362 28 5368716800
362 44 5368716816
362 51 5368716832
362 62 5368716848
362 69 5368716864
362 81 5368716880
362 86 5368716896
362 107 5368716912
362 121 5368716928
362 128 5368716944
362 129 5368716960
362 141 5368716976
362 160 5368716992
362 165 5368717008
362 183 5368717024
362 256 5368717040
362 280 5368717056
362 283 5368717072
362 293 5368717088
362 301 5368717104
362 331 5368717120
362 356 5368717136
362 362 5368717152
362 365 5368717168
362 401 5368717184
362 420 5368717200
362 421 5368717216
362 430 5368717232
362 434 5368717248
362 441 5368717264
362 466 5368717280
362 483 5368717296
362 496 5368717312
362 498 5368717328
362 506 5368717344
362 529 5368717360
362 602 5368717376
362 661 5368717392
362 666 5368717408
362 820 5368717424
362 856 5368717440
363 16 5368717456
363 28 5368717472
363 63 5368717488
363 81 5368717504
363 87 5368717520
363 106 5368717536
363 114 5368717552
363 128 5368717568
363 129 5368717584
363 152 5368717600
363 154 5368717616
363 155 5368717632
363 161 5368717648
363 165 5368717664
363 169 5368717680
363 208 5368717696
363 210 5368717712
363 211 5368717728
363 215 5368717744
363 236 5368717760
363 249 5368717776
363 256 5368717792
363 278 5368717808
363 280 5368717824
363 283 5368717840
363 296 5368717856
363 303 5368717872
363 314 5368717888
363 329 5368717904
363 351 5368717920
363 364 5368717936
363 365 5368717952
363 367 5368717968
363 371 5368717984
363 384 5368718000
363 422 5368718016
363 434 5368718032
363 495 5368718048
363 508 5368718064
363 518 5368718080
363 531 5368718096
363 577 5368718112
363 661 5368718128
363 664 5368718144
364 21 5368718160
364 152 5368718176
365 365 5368718192
365 451 5368718208
366 10 5368718224
366 18 5368718240
366 19 5368718256
366 20 5368718272
366 30 5368718288
366 58 5368718304
366 62 5368718320
366 63 5368718336
366 65 5368718352
366 68 5368718368
366 74 5368718384
366 78 5368718400
366 82 5368718416
366 83 5368718432
366 105 5368718448
366 107 5368718464
366 109 5368718480
366 115 5368718496
366 121 5368718512
366 131 5368718528
366 134 5368718544
366 142 5368718560
366 147 5368718576
366 152 5368718592
366 160 5368718608
366 165 5368718624
366 166 5368718640
366 169 5368718656
366 174 5368718672
366 180 5368718688
366 183 5368718704
366 184 5368718720
366 187 5368718736
366 188 5368718752
366 190 5368718768
366 215 5368718784
366 218 5368718800
366 226 5368718816
366 229 5368718832
366 230 5368718848
366 233 5368718864
366 234 5368718880
366 253 5368718896
366 255 5368718912
366 256 5368718928
366 282 5368718944
366 283 5368718960
366 285 5368718976
366 290 5368718992
366 305 5368719008
366 310 5368719024
366 311 5368719040
366 312 5368719056
366 317 5368719072
366 333 5368719088
366 356 5368719104
366 366 5368719120
366 367 5368719136
366 368 5368719152
366 372 5368719168
366 424 5368719184
366 440 5368719200
366 441 5368719216
366 443 5368719232
366 445 5368719248
366 474 5368719264
366 494 5368719280
366 512 5368719296
366 518 5368719312
366 521 5368719328
366 531 5368719344
366 596 5368719360
366 662 5368719376
366 693 5368719392
366 758 5368719408
366 812 5368719424
366 856 5368719440
366 859 5368719456
366 950 5368719472
367 16 5368719488
367 21 5368719504
367 23 5368719520
367 24 5368719536
367 28 5368719552
367 30 5368719568
367 31 5368719584
367 32 5368719600
367 35 5368719616
367 36 5368719632
367 39 5368719648
367 44 5368719664
367 62 5368719680
367 64 5368719696
367 75 5368719712
367 80 5368719728
367 81 5368719744
367 82 5368719760
367 105 5368719776
367 106 5368719792
367 107 5368719808
367 113 5368719824
367 114 5368719840
367 115 5368719856
367 116 5368719872
367 121 5368719888
367 128 5368719904
367 129 5368719920
367 133 5368719936
367 151 5368719952
367 155 5368719968
367 160 5368719984
367 165 5368720000
367 169 5368720016
367 170 5368720032
367 212 5368720048
367 245 5368720064
367 256 5368720080
367 261 5368720096
367 280 5368720112
367 318 5368720128
367 329 5368720144
367 333 5368720160
367 337 5368720176
367 338 5368720192
367 340 5368720208
367 361 5368720224
367 366 5368720240
367 367 5368720256
367 375 5368720272
367 405 5368720288
367 417 5368720304
367 419 5368720320
367 420 5368720336
367 424 5368720352
367 427 5368720368
367 434 5368720384
367 438 5368720400
367 470 5368720416
367 495 5368720432
367 531 5368720448
367 655 5368720464
367 748 5368720480
367 757 5368720496
367 892 5368720512
368 1 5368720528
368 14 5368720544
368 52 5368720560
368 83 5368720576
368 86 5368720592
368 103 5368720608
368 104 5368720624
368 112 5368720640
368 146 5368720656
368 150 5368720672
368 160 5368720688
368 181 5368720704
368 232 5368720720
368 250 5368720736
368 275 5368720752
368 295 5368720768
368 301 5368720784
368 320 5368720800
368 321 5368720816
368 366 5368720832
368 368 5368720848
368 375 5368720864
368 376 5368720880
368 377 5368720896
368 379 5368720912
368 387 5368720928
368 392 5368720944
368 393 5368720960
368 394 5368720976
368 397 5368720992
368 440 5368721008
368 537 5368721024
368 841 5368721040
368 896 5368721056
369 88 5368721072
369 89 5368721088
369 96 5368721104
369 303 5368721120
369 304 5368721136
369 630 5368721152
370 25 5368721168
370 26 5368721184
370 27 5368721200
370 33 5368721216
370 37 5368721232
370 38 5368721248
370 39 5368721264
370 40 5368721280
370 41 5368721296
370 47 5368721312
370 48 5368721328
370 85 5368721344
370 92 5368721360
370 113 5368721376
370 115 5368721392
370 116 5368721408
370 135 5368721424
370 151 5368721440
370 171 5368721456
370 226 5368721472
370 245 5368721488
370 318 5368721504
370 333 5368721520
370 339 5368721536
370 361 5368721552
370 414 5368721568
370 417 5368721584
370 423 5368721600
370 427 5368721616
370 442 5368721632
370 443 5368721648
370 455 5368721664
370 547 5368721680
370 725 5368721696
371 3 5368721712
371 13 5368721728
371 21 5368721744
371 28 5368721760
371 46 5368721776
371 51 5368721792
371 62 5368721808
371 63 5368721824
371 81 5368721840
371 87 5368721856
371 97 5368721872
371 98 5368721888
371 99 5368721904
371 100 5368721920
371 101 5368721936
371 105 5368721952
371 106 5368721968
371 114 5368721984
371 121 5368722000
371 124 5368722016
371 128 5368722032
371 129 5368722048
371 132 5368722064
371 137 5368722080
371 155 5368722096
371 160 5368722112
371 161 5368722128
371 169 5368722144
371 170 5368722160
371 174 5368722176
371 183 5368722192
371 208 5368722208
371 210 5368722224
371 211 5368722240
371 212 5368722256
371 236 5368722272
371 249 5368722288
371 256 5368722304
371 282 5368722320
371 285 5368722336
371 288 5368722352
371 303 5368722368
371 323 5368722384
371 329 5368722400
371 340 5368722416
371 351 5368722432
371 353 5368722448
371 355 5368722464
371 360 5368722480
371 363 5368722496
371 365 5368722512
371 371 5368722528
371 404 5368722544
371 405 5368722560
371 419 5368722576
371 424 5368722592
371 434 5368722608
371 473 5368722624
371 490 5368722640
371 495 5368722656
371 518 5368722672
371 640 5368722688
371 708 5368722704
371 768 5368722720
372 32 5368722736
372 42 5368722752
372 58 5368722768
372 62 5368722784
372 64 5368722800
372 70 5368722816
372 83 5368722832
372 86 5368722848
372 87 5368722864
372 107 5368722880
372 115 5368722896
372 121 5368722912
372 134 5368722928
372 282 5368722944
372 283 5368722960
372 366 5368722976
372 372 5368722992
372 373 5368723008
372 431 5368723024
372 433 5368723040
372 494 5368723056
372 513 5368723072
372 594 5368723088
373 58 5368723104
373 82 5368723120
373 83 5368723136
373 92 5368723152
373 93 5368723168
373 112 5368723184
373 115 5368723200
373 121 5368723216
373 131 5368723232
373 133 5368723248
373 134 5368723264
373 166 5368723280
373 180 5368723296
373 184 5368723312
373 194 5368723328
373 197 5368723344
373 239 5368723360
373 240 5368723376
373 243 5368723392
373 253 5368723408
373 280 5368723424
373 282 5368723440
373 283 5368723456
373 306 5368723472
373 311 5368723488
373 372 5368723504
373 373 5368723520
373 411 5368723536
373 420 5368723552
373 481 5368723568
373 508 5368723584
373 515 5368723600
373 528 5368723616
373 552 5368723632
373 571 5368723648
373 706 5368723664
373 714 5368723680
373 812 5368723696
373 964 5368723712
374 5 5368723728
374 7 5368723744
374 44 5368723760
374 166 5368723776
374 358 5368723792
374 374 5368723808
374 406 5368723824
374 407 5368723840
374 441 5368723856
374 499 5368723872
374 500 5368723888
374 501 5368723904
374 502 5368723920
374 503 5368723936
374 504 5368723952
374 505 5368723968
374 506 5368723984
374 529 5368724000
375 6 5368724016
375 16 5368724032
375 21 5368724048
375 28 5368724064
375 62 5368724080
375 66 5368724096
375 80 5368724112
375 81 5368724128
375 89 5368724144
375 90 5368724160
375 91 5368724176
375 96 5368724192
375 105 5368724208
375 107 5368724224
375 108 5368724240
375 110 5368724256
375 111 5368724272
375 112 5368724288
375 114 5368724304
375 121 5368724320
375 142 5368724336
375 143 5368724352
375 154 5368724368
375 160 5368724384
375 169 5368724400
375 183 5368724416
375 211 5368724432
375 230 5368724448
375 243 5368724464
375 258 5368724480
375 282 5368724496
375 301 5368724512
375 318 5368724528
375 328 5368724544
375 329 5368724560
375 340 5368724576
375 356 5368724592
375 357 5368724608
375 367 5368724624
375 368 5368724640
375 375 5368724656
375 411 5368724672
375 424 5368724688
375 455 5368724704
375 469 5368724720
375 474 5368724736
375 475 5368724752
375 476 5368724768
375 477 5368724784
375 478 5368724800
375 480 5368724816
375 494 5368724832
375 514 5368724848
375 663 5368724864
375 679 5368724880
375 756 5368724896
375 860 5368724912
375 889 5368724928
376 6 5368724944
376 18 5368724960
376 60 5368724976
376 61 5368724992
376 64 5368725008
376 103 5368725024
376 104 5368725040
376 122 5368725056
376 150 5368725072
376 157 5368725088
376 160 5368725104
376 179 5368725120
376 181 5368725136
376 182 5368725152
376 203 5368725168
376 250 5368725184
376 262 5368725200
376 283 5368725216
376 295 5368725232
376 296 5368725248
376 308 5368725264
376 320 5368725280
376 321 5368725296
376 368 5368725312
376 376 5368725328
376 377 5368725344
376 378 5368725360
376 379 5368725376
376 380 5368725392
376 387 5368725408
376 388 5368725424
376 389 5368725440
376 390 5368725456
376 391 5368725472
376 392 5368725488
376 393 5368725504
376 394 5368725520
376 395 5368725536
376 397 5368725552
376 632 5368725568
376 654 5368725584
376 719 5368725600
376 841 5368725616
376 985 5368725632
377 0 5368725648
377 1 5368725664
377 52 5368725680
377 60 5368725696
377 61 5368725712
377 62 5368725728
377 65 5368725744
377 86 5368725760
377 94 5368725776
377 95 5368725792
377 103 5368725808
377 104 5368725824
377 106 5368725840
377 120 5368725856
377 122 5368725872
377 127 5368725888
377 128 5368725904
377 129 5368725920
377 130 5368725936
377 133 5368725952
377 147 5368725968
377 148 5368725984
377 149 5368726000
377 150 5368726016
377 156 5368726032
377 157 5368726048
377 160 5368726064
377 163 5368726080
377 166 5368726096
377 167 5368726112
377 172 5368726128
377 174 5368726144
377 177 5368726160
377 179 5368726176
377 181 5368726192
377 182 5368726208
377 189 5368726224
377 199 5368726240
377 203 5368726256
377 204 5368726272
377 207 5368726288
377 214 5368726304
377 215 5368726320
377 219 5368726336
377 220 5368726352
377 227 5368726368
377 228 5368726384
377 231 5368726400
377 249 5368726416
377 250 5368726432
377 257 5368726448
377 262 5368726464
377 277 5368726480
377 278 5368726496
377 280 5368726512
377 283 5368726528
377 284 5368726544
377 292 5368726560
377 294 5368726576
377 295 5368726592
377 296 5368726608
377 312 5368726624
377 316 5368726640
377 320 5368726656
377 321 5368726672
377 342 5368726688
377 344 5368726704
377 347 5368726720
377 350 5368726736
377 351 5368726752
377 352 5368726768
377 365 5368726784
377 368 5368726800
377 376 5368726816
377 377 5368726832
377 378 5368726848
377 379 5368726864
377 380 5368726880
377 381 5368726896
377 382 5368726912
377 383 5368726928
377 384 5368726944
377 385 5368726960
377 386 5368726976
377 387 5368726992
377 388 5368727008
377 389 5368727024
377 390 5368727040
377 391 5368727056
377 392 5368727072
377 393 5368727088
377 394 5368727104
377 395 5368727120
377 396 5368727136
377 397 5368727152
377 398 5368727168
377 402 5368727184
377 403 5368727200
377 450 5368727216
377 458 5368727232
377 464 5368727248
377 468 5368727264
377 483 5368727280
377 486 5368727296
377 490 5368727312
377 491 5368727328
377 495 5368727344
377 526 5368727360
377 546 5368727376
377 548 5368727392
377 562 5368727408
377 572 5368727424
377 575 5368727440
377 593 5368727456
377 656 5368727472
377 659 5368727488
377 734 5368727504
377 741 5368727520
377 745 5368727536
377 748 5368727552
377 764 5368727568
377 776 5368727584
377 782 5368727600
377 839 5368727616
377 851 5368727632
377 872 5368727648
377 907 5368727664
377 918 5368727680
377 959 5368727696
377 960 5368727712
377 961 5368727728
378 103 5368727744
378 128 5368727760
378 150 5368727776
378 157 5368727792
378 283 5368727808
378 296 5368727824
378 377 5368727840
378 378 5368727856
378 393 5368727872
379 5 5368727888
379 6 5368727904
379 16 5368727920
379 60 5368727936
379 61 5368727952
379 63 5368727968
379 64 5368727984
379 80 5368728000
379 103 5368728016
379 104 5368728032
379 150 5368728048
379 157 5368728064
379 164 5368728080
379 174 5368728096
379 181 5368728112
379 182 5368728128
379 191 5368728144
379 250 5368728160
379 283 5368728176
379 285 5368728192
379 295 5368728208
379 296 5368728224
379 308 5368728240
379 316 5368728256
379 320 5368728272
379 321 5368728288
379 368 5368728304
379 376 5368728320
379 377 5368728336
379 378 5368728352
379 379 5368728368
379 380 5368728384
379 381 5368728400
379 382 5368728416
379 383 5368728432
379 384 5368728448
379 385 5368728464
379 386 5368728480
379 387 5368728496
379 388 5368728512
379 389 5368728528
379 390 5368728544
379 391 5368728560
379 392 5368728576
379 393 5368728592
379 394 5368728608
379 395 5368728624
379 396 5368728640
379 397 5368728656
379 398 5368728672
379 628 5368728688
379 719 5368728704
380 14 5368728720
380 61 5368728736
380 65 5368728752
380 101 5368728768
380 103 5368728784
380 120 5368728800
380 157 5368728816
380 160 5368728832
380 177 5368728848
380 178 5368728864
380 182 5368728880
380 200 5368728896
380 232 5368728912
380 283 5368728928
380 295 5368728944
380 296 5368728960
380 321 5368728976
380 376 5368728992
380 379 5368729008
380 380 5368729024
380 385 5368729040
380 387 5368729056
380 390 5368729072
380 391 5368729088
380 393 5368729104
380 396 5368729120
380 397 5368729136
380 440 5368729152
380 539 5368729168
380 562 5368729184
380 656 5368729200
380 680 5368729216
381 60 5368729232
381 61 5368729248
381 149 5368729264
381 150 5368729280
381 156 5368729296
381 160 5368729312
381 176 5368729328
381 177 5368729344
381 178 5368729360
381 179 5368729376
381 180 5368729392
381 181 5368729408
381 320 5368729424
381 321 5368729440
381 344 5368729456
381 377 5368729472
381 380 5368729488
381 381 5368729504
381 391 5368729520
381 393 5368729536
381 394 5368729552
381 397 5368729568
381 479 5368729584
381 515 5368729600
381 548 5368729616
381 686 5368729632
381 948 5368729648
383 383 5368729664
385 103 5368729680
385 160 5368729696
385 231 5368729712
385 295 5368729728
385 296 5368729744
385 376 5368729760
385 377 5368729776
385 378 5368729792
385 380 5368729808
385 385 5368729824
385 387 5368729840
385 389 5368729856
385 390 5368729872
385 393 5368729888
385 395 5368729904
387 41 5368729920
387 42 5368729936
387 60 5368729952
387 104 5368729968
387 115 5368729984
387 118 5368730000
387 150 5368730016
387 157 5368730032
387 182 5368730048
387 198 5368730064
387 229 5368730080
387 250 5368730096
387 283 5368730112
387 295 5368730128
387 296 5368730144
387 366 5368730160
387 368 5368730176
387 377 5368730192
387 378 5368730208
387 379 5368730224
387 380 5368730240
387 381 5368730256
387 384 5368730272
387 385 5368730288
387 387 5368730304
387 388 5368730320
387 389 5368730336
387 390 5368730352
387 392 5368730368
387 393 5368730384
387 394 5368730400
387 395 5368730416
387 485 5368730432
387 523 5368730448
387 667 5368730464
387 849 5368730480
387 950 5368730496
388 60 5368730512
388 104 5368730528
388 128 5368730544
388 130 5368730560
388 150 5368730576
388 157 5368730592
388 164 5368730608
388 179 5368730624
388 249 5368730640
388 280 5368730656
388 283 5368730672
388 296 5368730688
388 376 5368730704
388 378 5368730720
388 379 5368730736
388 384 5368730752
388 387 5368730768
388 388 5368730784
389 14 5368730800
389 60 5368730816
389 64 5368730832
389 103 5368730848
389 104 5368730864
389 157 5368730880
389 182 5368730896
389 292 5368730912
389 295 5368730928
389 296 5368730944
389 317 5368730960
389 326 5368730976
389 341 5368730992
389 376 5368731008
389 377 5368731024
389 379 5368731040
389 385 5368731056
389 387 5368731072
389 389 5368731088
389 390 5368731104
389 391 5368731120
389 393 5368731136
389 394 5368731152
389 395 5368731168
389 397 5368731184
389 486 5368731200
389 521 5368731216
389 585 5368731232
389 611 5368731248
389 628 5368731264
390 14 5368731280
390 60 5368731296
390 61 5368731312
390 62 5368731328
390 103 5368731344
390 104 5368731360
390 150 5368731376
390 157 5368731392
390 181 5368731408
390 182 5368731424
390 226 5368731440
390 250 5368731456
390 268 5368731472
390 283 5368731488
390 295 5368731504
390 296 5368731520
390 308 5368731536
390 320 5368731552
390 321 5368731568
390 368 5368731584
390 376 5368731600
390 377 5368731616
390 378 5368731632
390 379 5368731648
390 380 5368731664
390 381 5368731680
390 384 5368731696
390 385 5368731712
390 387 5368731728
390 388 5368731744
390 389 5368731760
390 390 5368731776
390 391 5368731792
390 392 5368731808
390 393 5368731824
390 394 5368731840
390 395 5368731856
390 396 5368731872
390 397 5368731888
390 438 5368731904
390 459 5368731920
390 491 5368731936
390 526 5368731952
390 756 5368731968
391 61 5368731984
391 182 5368732000
391 295 5368732016
391 320 5368732032
391 321 5368732048
391 368 5368732064
391 380 5368732080
391 389 5368732096
391 390 5368732112
391 391 5368732128
391 776 5368732144
392 86 5368732160
392 104 5368732176
392 283 5368732192
392 296 5368732208
392 368 5368732224
392 387 5368732240
392 392 5368732256
392 393 5368732272
392 588 5368732288
393 17 5368732304
393 60 5368732320
393 61 5368732336
393 71 5368732352
393 82 5368732368
393 83 5368732384
393 84 5368732400
393 86 5368732416
393 87 5368732432
393 103 5368732448
393 104 5368732464
393 105 5368732480
393 107 5368732496
393 121 5368732512
393 142 5368732528
393 145 5368732544
393 150 5368732560
393 152 5368732576
393 154 5368732592
393 155 5368732608
393 157 5368732624
393 160 5368732640
393 162 5368732656
393 166 5368732672
393 180 5368732688
393 181 5368732704
393 182 5368732720
393 212 5368732736
393 249 5368732752
393 250 5368732768
393 282 5368732784
393 283 5368732800
393 295 5368732816
393 296 5368732832
393 301 5368732848
393 308 5368732864
393 320 5368732880
393 321 5368732896
393 368 5368732912
393 376 5368732928
393 377 5368732944
393 378 5368732960
393 379 5368732976
393 380 5368732992
393 381 5368733008
393 382 5368733024
393 384 5368733040
393 385 5368733056
393 386 5368733072
393 387 5368733088
393 388 5368733104
393 389 5368733120
393 390 5368733136
393 391 5368733152
393 392 5368733168
393 393 5368733184
393 394 5368733200
393 395 5368733216
393 396 5368733232
393 397 5368733248
393 421 5368733264
393 422 5368733280
393 424 5368733296
393 433 5368733312
393 434 5368733328
393 533 5368733344
393 546 5368733360
393 607 5368733376
393 612 5368733392
393 643 5368733408
393 719 5368733424
393 761 5368733440
393 932 5368733456
393 947 5368733472
393 950 5368733488
394 14 5368733504
394 53 5368733520
394 60 5368733536
394 61 5368733552
394 103 5368733568
394 104 5368733584
394 160 5368733600
394 179 5368733616
394 181 5368733632
394 182 5368733648
394 250 5368733664
394 295 5368733680
394 320 5368733696
394 321 5368733712
394 368 5368733728
394 376 5368733744
394 377 5368733760
394 379 5368733776
394 381 5368733792
394 385 5368733808
394 388 5368733824
394 389 5368733840
394 390 5368733856
394 393 5368733872
394 394 5368733888
394 397 5368733904
394 486 5368733920
394 628 5368733936
394 947 5368733952
395 16 5368733968
395 64 5368733984
395 80 5368734000
395 82 5368734016
395 86 5368734032
395 104 5368734048
395 121 5368734064
395 157 5368734080
395 164 5368734096
395 174 5368734112
395 181 5368734128
395 201 5368734144
395 250 5368734160
395 295 5368734176
395 296 5368734192
395 368 5368734208
395 376 5368734224
395 379 5368734240
395 385 5368734256
395 389 5368734272
395 390 5368734288
395 393 5368734304
395 395 5368734320
395 396 5368734336
395 494 5368734352
395 719 5368734368
395 908 5368734384
396 379 5368734400
397 6 5368734416
397 52 5368734432
397 53 5368734448
397 64 5368734464
397 103 5368734480
397 122 5368734496
397 157 5368734512
397 179 5368734528
397 181 5368734544
397 295 5368734560
397 296 5368734576
397 320 5368734592
397 368 5368734608
397 376 5368734624
397 378 5368734640
397 379 5368734656
397 380 5368734672
