565 430 7516192768
565 608 7516192784
565 754 7516192800
565 804 7516192816
565 823 7516192832
566 7 7516192848
566 8 7516192864
566 11 7516192880
566 43 7516192896
566 141 7516192912
566 247 7516192928
566 421 7516192944
566 451 7516192960
566 452 7516192976
566 569 7516192992
566 570 7516193008
566 666 7516193024
566 700 7516193040
566 707 7516193056
567 567 7516193072
567 843 7516193088
568 1 7516193104
568 65 7516193120
568 81 7516193136
568 121 7516193152
568 129 7516193168
568 130 7516193184
568 168 7516193200
568 256 7516193216
568 257 7516193232
568 276 7516193248
568 290 7516193264
568 329 7516193280
568 357 7516193296
568 401 7516193312
568 425 7516193328
568 426 7516193344
568 450 7516193360
568 457 7516193376
568 458 7516193392
568 493 7516193408
568 526 7516193424
568 562 7516193440
568 568 7516193456
569 7 7516193472
569 8 7516193488
569 9 7516193504
569 11 7516193520
569 12 7516193536
569 19 7516193552
569 43 7516193568
569 44 7516193584
569 105 7516193600
569 141 7516193616
569 161 7516193632
569 249 7516193648
569 358 7516193664
569 359 7516193680
569 360 7516193696
569 362 7516193712
569 365 7516193728
569 430 7516193744
569 441 7516193760
569 451 7516193776
569 452 7516193792
569 501 7516193808
569 504 7516193824
569 558 7516193840
569 566 7516193856
569 569 7516193872
569 570 7516193888
569 602 7516193904
569 674 7516193920
569 707 7516193936
569 739 7516193952
569 754 7516193968
569 778 7516193984
569 957 7516194000
570 7 7516194016
570 8 7516194032
570 12 7516194048
570 19 7516194064
570 161 7516194080
570 247 7516194096
570 264 7516194112
570 265 7516194128
570 267 7516194144
570 452 7516194160
570 569 7516194176
570 570 7516194192
570 661 7516194208
570 700 7516194224
570 707 7516194240
570 823 7516194256
572 82 7516194272
572 129 7516194288
572 167 7516194304
572 290 7516194320
572 294 7516194336
572 350 7516194352
572 377 7516194368
572 434 7516194384
572 484 7516194400
572 515 7516194416
572 572 7516194432
572 593 7516194448
572 822 7516194464
572 936 7516194480
572 939 7516194496
573 7 7516194512
573 8 7516194528
573 9 7516194544
573 11 7516194560
573 12 7516194576
573 19 7516194592
573 44 7516194608
573 86 7516194624
573 141 7516194640
573 166 7516194656
573 358 7516194672
573 441 7516194688
573 452 7516194704
573 498 7516194720
573 525 7516194736
573 566 7516194752
573 573 7516194768
577 142 7516194784
577 166 7516194800
577 249 7516194816
577 282 7516194832
577 283 7516194848
577 333 7516194864
577 363 7516194880
577 366 7516194896
577 375 7516194912
577 377 7516194928
577 518 7516194944
577 578 7516194960
577 757 7516194976
579 15 7516194992
579 46 7516195008
579 164 7516195024
579 216 7516195040
579 269 7516195056
579 272 7516195072
579 273 7516195088
579 334 7516195104
579 335 7516195120
579 429 7516195136
579 446 7516195152
579 447 7516195168
579 448 7516195184
579 579 7516195200
579 592 7516195216
579 929 7516195232
580 580 7516195248
581 0 7516195264
581 21 7516195280
581 41 7516195296
581 51 7516195312
581 77 7516195328
581 78 7516195344
581 79 7516195360
581 101 7516195376
581 133 7516195392
581 139 7516195408
581 200 7516195424
581 204 7516195440
581 205 7516195456
581 301 7516195472
581 308 7516195488
581 310 7516195504
581 420 7516195520
581 445 7516195536
581 450 7516195552
581 473 7516195568
581 497 7516195584
581 531 7516195600
581 533 7516195616
581 557 7516195632
581 581 7516195648
581 872 7516195664
582 62 7516195680
582 84 7516195696
582 106 7516195712
582 160 7516195728
582 184 7516195744
582 189 7516195760
582 418 7516195776
582 473 7516195792
582 508 7516195808
582 533 7516195824
582 549 7516195840
582 582 7516195856
582 667 7516195872
582 671 7516195888
585 84 7516195904
585 129 7516195920
585 168 7516195936
585 493 7516195952
585 544 7516195968
585 585 7516195984
585 706 7516196000
587 2 7516196016
587 3 7516196032
587 4 7516196048
587 58 7516196064
587 194 7516196080
587 236 7516196096
587 587 7516196112
587 832 7516196128
588 23 7516196144
588 28 7516196160
588 29 7516196176
588 36 7516196192
588 169 7516196208
588 206 7516196224
588 282 7516196240
588 307 7516196256
588 392 7516196272
588 438 7516196288
588 494 7516196304
588 545 7516196320
588 588 7516196336
588 600 7516196352
589 83 7516196368
589 105 7516196384
589 106 7516196400
589 142 7516196416
589 160 7516196432
589 212 7516196448
589 215 7516196464
589 249 7516196480
589 256 7516196496
589 271 7516196512
589 282 7516196528
589 283 7516196544
589 357 7516196560
589 365 7516196576
589 400 7516196592
589 424 7516196608
589 434 7516196624
589 459 7516196640
589 589 7516196656
589 607 7516196672
589 671 7516196688
590 13 7516196704
590 23 7516196720
590 26 7516196736
590 27 7516196752
590 28 7516196768
590 30 7516196784
590 33 7516196800
590 35 7516196816
590 40 7516196832
590 86 7516196848
590 171 7516196864
590 299 7516196880
590 438 7516196896
590 443 7516196912
590 590 7516196928
591 62 7516196944
591 83 7516196960
591 96 7516196976
591 142 7516196992
591 145 7516197008
591 160 7516197024
591 591 7516197040
592 15 7516197056
592 38 7516197072
592 46 7516197088
592 100 7516197104
592 139 7516197120
592 140 7516197136
592 160 7516197152
592 164 7516197168
592 216 7516197184
592 269 7516197200
592 272 7516197216
592 273 7516197232
592 274 7516197248
592 321 7516197264
592 322 7516197280
592 334 7516197296
592 335 7516197312
592 353 7516197328
592 428 7516197344
592 429 7516197360
592 446 7516197376
592 447 7516197392
592 448 7516197408
592 461 7516197424
592 579 7516197440
592 592 7516197456
592 617 7516197472
592 735 7516197488
592 760 7516197504
592 929 7516197520
592 933 7516197536
593 51 7516197552
593 94 7516197568
593 95 7516197584
593 128 7516197600
593 197 7516197616
593 199 7516197632
593 200 7516197648
593 201 7516197664
593 205 7516197680
593 214 7516197696
593 320 7516197712
593 340 7516197728
593 342 7516197744
593 350 7516197760
593 377 7516197776
593 482 7516197792
593 498 7516197808
593 572 7516197824
593 776 7516197840
593 820 7516197856
593 822 7516197872
593 907 7516197888
593 918 7516197904
593 955 7516197920
593 974 7516197936
596 218 7516197952
596 282 7516197968
596 301 7516197984
596 366 7516198000
596 596 7516198016
596 597 7516198032
597 62 7516198048
597 107 7516198064
597 118 7516198080
597 142 7516198096
597 282 7516198112
597 301 7516198128
597 411 7516198144
597 460 7516198160
597 597 7516198176
597 651 7516198192
597 695 7516198208
597 756 7516198224
598 86 7516198240
598 134 7516198256
598 340 7516198272
598 482 7516198288
598 521 7516198304
598 553 7516198320
598 598 7516198336
599 2 7516198352
599 3 7516198368
599 63 7516198384
599 96 7516198400
599 132 7516198416
599 158 7516198432
599 208 7516198448
599 209 7516198464
599 211 7516198480
599 304 7516198496
599 481 7516198512
599 708 7516198528
599 931 7516198544
600 129 7516198560
600 401 7516198576
600 585 7516198592
600 588 7516198608
600 600 7516198624
601 57 7516198640
601 82 7516198656
601 107 7516198672
601 121 7516198688
601 141 7516198704
601 160 7516198720
601 166 7516198736
601 283 7516198752
601 333 7516198768
601 405 7516198784
601 480 7516198800
601 523 7516198816
601 536 7516198832
602 11 7516198848
602 61 7516198864
602 182 7516198880
602 183 7516198896
602 238 7516198912
602 362 7516198928
602 365 7516198944
602 441 7516198960
602 496 7516198976
602 499 7516198992
602 525 7516199008
602 569 7516199024
602 602 7516199040
602 616 7516199056
602 699 7516199072
602 700 7516199088
602 707 7516199104
607 42 7516199120
607 87 7516199136
607 105 7516199152
607 106 7516199168
607 118 7516199184
607 128 7516199200
607 170 7516199216
607 243 7516199232
607 249 7516199248
607 255 7516199264
607 256 7516199280
607 296 7516199296
607 365 7516199312
607 419 7516199328
607 420 7516199344
607 421 7516199360
607 453 7516199376
607 460 7516199392
607 471 7516199408
607 490 7516199424
607 533 7516199440
607 544 7516199456
607 548 7516199472
608 7 7516199488
608 11 7516199504
608 61 7516199520
608 141 7516199536
608 213 7516199552
608 232 7516199568
608 264 7516199584
608 265 7516199600
608 266 7516199616
608 267 7516199632
608 332 7516199648
608 406 7516199664
608 440 7516199680
608 441 7516199696
608 452 7516199712
608 466 7516199728
608 498 7516199744
608 499 7516199760
608 529 7516199776
608 566 7516199792
608 608 7516199808
608 720 7516199824
608 804 7516199840
609 24 7516199856
609 30 7516199872
609 609 7516199888
610 56 7516199904
610 57 7516199920
610 59 7516199936
610 89 7516199952
610 96 7516199968
610 142 7516199984
610 235 7516200000
610 250 7516200016
610 255 7516200032
610 296 7516200048
610 303 7516200064
610 420 7516200080
610 459 7516200096
610 472 7516200112
610 610 7516200128
610 694 7516200144
611 6 7516200160
611 11 7516200176
611 64 7516200192
611 129 7516200208
611 160 7516200224
611 168 7516200240
611 176 7516200256
611 183 7516200272
611 211 7516200288
611 232 7516200304
611 270 7516200320
611 278 7516200336
611 292 7516200352
611 389 7516200368
611 419 7516200384
611 486 7516200400
611 938 7516200416
612 2 7516200432
612 4 7516200448
612 49 7516200464
612 50 7516200480
612 71 7516200496
612 84 7516200512
612 121 7516200528
612 152 7516200544
612 162 7516200560
612 212 7516200576
612 217 7516200592
612 233 7516200608
612 272 7516200624
612 306 7516200640
612 311 7516200656
612 340 7516200672
612 347 7516200688
612 356 7516200704
612 393 7516200720
612 404 7516200736
612 427 7516200752
612 474 7516200768
612 492 7516200784
612 612 7516200800
612 791 7516200816
612 828 7516200832
612 832 7516200848
613 117 7516200864
613 163 7516200880
613 243 7516200896
613 288 7516200912
613 537 7516200928
613 613 7516200944
613 614 7516200960
613 619 7516200976
613 747 7516200992
614 106 7516201008
614 614 7516201024
615 17 7516201040
615 21 7516201056
615 58 7516201072
615 64 7516201088
615 87 7516201104
615 106 7516201120
615 115 7516201136
615 142 7516201152
615 144 7516201168
615 146 7516201184
615 147 7516201200
615 152 7516201216
615 153 7516201232
615 155 7516201248
615 168 7516201264
615 180 7516201280
615 243 7516201296
615 244 7516201312
615 249 7516201328
615 252 7516201344
615 253 7516201360
615 269 7516201376
615 309 7516201392
615 318 7516201408
615 331 7516201424
615 333 7516201440
615 357 7516201456
615 393 7516201472
615 404 7516201488
615 412 7516201504
615 422 7516201520
615 427 7516201536
615 459 7516201552
615 460 7516201568
615 474 7516201584
615 492 7516201600
615 493 7516201616
615 513 7516201632
615 518 7516201648
615 521 7516201664
615 546 7516201680
615 615 7516201696
615 669 7516201712
615 714 7516201728
615 800 7516201744
615 820 7516201760
615 828 7516201776
615 856 7516201792
615 954 7516201808
615 963 7516201824
616 1 7516201840
616 320 7516201856
616 459 7516201872
616 533 7516201888
616 602 7516201904
617 618 7516201920
618 98 7516201936
618 404 7516201952
618 617 7516201968
618 618 7516201984
619 5 7516202000
619 56 7516202016
619 57 7516202032
619 89 7516202048
619 96 7516202064
619 303 7516202080
619 613 7516202096
620 290 7516202112
620 620 7516202128
621 11 7516202144
621 130 7516202160
621 149 7516202176
621 160 7516202192
621 180 7516202208
621 231 7516202224
621 277 7516202240
621 278 7516202256
621 284 7516202272
621 301 7516202288
621 377 7516202304
621 401 7516202320
621 518 7516202336
621 781 7516202352
623 86 7516202368
623 129 7516202384
623 611 7516202400
623 623 7516202416
623 791 7516202432
624 13 7516202448
627 62 7516202464
627 86 7516202480
627 184 7516202496
627 189 7516202512
627 333 7516202528
627 420 7516202544
627 473 7516202560
627 513 7516202576
627 549 7516202592
627 627 7516202608
627 667 7516202624
627 707 7516202640
627 809 7516202656
628 628 7516202672
629 316 7516202688
630 630 7516202704
631 631 7516202720
632 397 7516202736
632 632 7516202752
632 719 7516202768
633 633 7516202784
634 634 7516202800
634 635 7516202816
635 2 7516202832
635 4 7516202848
635 63 7516202864
635 126 7516202880
635 137 7516202896
635 208 7516202912
635 285 7516202928
635 286 7516202944
635 520 7516202960
636 636 7516202976
637 637 7516202992
638 10 7516203008
638 12 7516203024
638 44 7516203040
638 46 7516203056
638 55 7516203072
638 81 7516203088
638 124 7516203104
638 126 7516203120
638 158 7516203136
638 169 7516203152
638 210 7516203168
638 300 7516203184
638 329 7516203200
638 338 7516203216
638 340 7516203232
638 355 7516203248
638 356 7516203264
638 480 7516203280
638 589 7516203296
638 638 7516203312
638 639 7516203328
638 640 7516203344
638 896 7516203360
639 639 7516203376
640 97 7516203392
640 98 7516203408
640 100 7516203424
640 114 7516203440
640 124 7516203456
640 185 7516203472
640 371 7516203488
640 404 7516203504
640 640 7516203520
641 1 7516203536
641 82 7516203552
641 106 7516203568
641 160 7516203584
641 163 7516203600
641 166 7516203616
641 282 7516203632
641 301 7516203648
641 333 7516203664
641 371 7516203680
641 420 7516203696
641 541 7516203712
641 641 7516203728
641 669 7516203744
641 748 7516203760
641 946 7516203776
642 16 7516203792
642 21 7516203808
642 42 7516203824
642 106 7516203840
642 121 7516203856
642 212 7516203872
642 419 7516203888
642 642 7516203904
643 48 7516203920
643 49 7516203936
643 50 7516203952
644 5 7516203968
644 6 7516203984
644 64 7516204000
644 115 7516204016
644 166 7516204032
644 180 7516204048
644 269 7516204064
644 296 7516204080
644 349 7516204096
644 489 7516204112
644 528 7516204128
644 644 7516204144
644 950 7516204160
645 156 7516204176
645 231 7516204192
645 645 7516204208
645 697 7516204224
646 646 7516204240
647 21 7516204256
647 93 7516204272
647 221 7516204288
647 256 7516204304
647 420 7516204320
647 458 7516204336
647 647 7516204352
647 685 7516204368
648 648 7516204384
649 121 7516204400
649 246 7516204416
649 421 7516204432
649 452 7516204448
649 466 7516204464
649 649 7516204480
649 729 7516204496
650 215 7516204512
651 2 7516204528
651 118 7516204544
651 173 7516204560
651 254 7516204576
651 272 7516204592
651 301 7516204608
651 420 7516204624
651 434 7516204640
651 511 7516204656
651 546 7516204672
651 624 7516204688
651 651 7516204704
651 950 7516204720
652 108 7516204736
652 163 7516204752
652 329 7516204768
652 333 7516204784
652 419 7516204800
652 478 7516204816
652 513 7516204832
653 653 7516204848
654 25 7516204864
654 50 7516204880
654 105 7516204896
654 121 7516204912
654 783 7516204928
654 789 7516204944
655 28 7516204960
655 35 7516204976
655 37 7516204992
655 114 7516205008
655 149 7516205024
655 151 7516205040
655 167 7516205056
655 171 7516205072
655 172 7516205088
655 183 7516205104
655 223 7516205120
655 231 7516205136
655 261 7516205152
655 280 7516205168
655 301 7516205184
655 367 7516205200
655 419 7516205216
655 427 7516205232
655 438 7516205248
655 458 7516205264
655 470 7516205280
655 655 7516205296
655 980 7516205312
658 658 7516205328
659 659 7516205344
660 660 7516205360
661 7 7516205376
661 8 7516205392
661 11 7516205408
661 12 7516205424
661 13 7516205440
661 19 7516205456
661 44 7516205472
661 87 7516205488
661 121 7516205504
661 141 7516205520
661 161 7516205536
661 211 7516205552
661 247 7516205568
661 249 7516205584
661 264 7516205600
661 265 7516205616
661 267 7516205632
661 293 7516205648
661 362 7516205664
661 420 7516205680
661 440 7516205696
661 441 7516205712
661 459 7516205728
661 502 7516205744
661 505 7516205760
661 510 7516205776
661 549 7516205792
661 569 7516205808
661 570 7516205824
661 661 7516205840
661 666 7516205856
661 700 7516205872
661 707 7516205888
661 754 7516205904
661 823 7516205920
661 856 7516205936
662 62 7516205952
662 84 7516205968
662 86 7516205984
662 100 7516206000
662 107 7516206016
662 166 7516206032
662 282 7516206048
662 323 7516206064
662 366 7516206080
662 371 7516206096
662 404 7516206112
662 494 7516206128
662 618 7516206144
662 662 7516206160
663 68 7516206176
663 80 7516206192
663 81 7516206208
663 375 7516206224
663 460 7516206240
663 551 7516206256
663 663 7516206272
663 679 7516206288
664 93 7516206304
664 515 7516206320
664 664 7516206336
664 694 7516206352
665 2 7516206368
665 3 7516206384
665 4 7516206400
665 6 7516206416
665 55 7516206432
665 58 7516206448
665 63 7516206464
665 121 7516206480
665 137 7516206496
665 142 7516206512
665 174 7516206528
665 175 7516206544
665 212 7516206560
665 254 7516206576
665 272 7516206592
665 303 7516206608
665 411 7516206624
665 412 7516206640
665 665 7516206656
665 685 7516206672
665 812 7516206688
665 859 7516206704
666 7 7516206720
666 11 7516206736
666 12 7516206752
666 19 7516206768
666 62 7516206784
666 86 7516206800
666 141 7516206816
666 161 7516206832
666 267 7516206848
666 362 7516206864
666 367 7516206880
666 441 7516206896
666 452 7516206912
666 566 7516206928
666 661 7516206944
666 666 7516206960
666 823 7516206976
666 856 7516206992
666 951 7516207008
667 6 7516207024
667 37 7516207040
667 69 7516207056
667 81 7516207072
667 105 7516207088
667 128 7516207104
667 161 7516207120
667 184 7516207136
667 480 7516207152
667 509 7516207168
667 549 7516207184
667 550 7516207200
669 420 7516207216
669 615 7516207232
669 669 7516207248
669 930 7516207264
670 670 7516207280
671 69 7516207296
671 80 7516207312
671 81 7516207328
671 106 7516207344
671 187 7516207360
671 329 7516207376
671 356 7516207392
671 375 7516207408
671 411 7516207424
671 582 7516207440
671 690 7516207456
672 365 7516207472
672 430 7516207488
672 506 7516207504
672 672 7516207520
673 495 7516207536
673 673 7516207552
674 7 7516207568
674 9 7516207584
674 12 7516207600
674 19 7516207616
674 141 7516207632
674 265 7516207648
674 267 7516207664
674 430 7516207680
674 504 7516207696
674 506 7516207712
674 510 7516207728
674 558 7516207744
674 565 7516207760
674 569 7516207776
674 661 7516207792
674 674 7516207808
674 707 7516207824
674 754 7516207840
674 823 7516207856
675 675 7516207872
678 48 7516207888
678 68 7516207904
678 92 7516207920
678 274 7516207936
678 311 7516207952
678 480 7516207968
678 509 7516207984
678 549 7516208000
678 627 7516208016
678 678 7516208032
678 747 7516208048
679 13 7516208064
679 80 7516208080
679 81 7516208096
679 137 7516208112
679 375 7516208128
679 482 7516208144
679 508 7516208160
679 663 7516208176
679 679 7516208192
681 5 7516208208
681 12 7516208224
681 123 7516208240
681 133 7516208256
681 157 7516208272
681 160 7516208288
681 180 7516208304
681 191 7516208320
681 214 7516208336
681 284 7516208352
681 342 7516208368
681 343 7516208384
681 345 7516208400
681 350 7516208416
681 352 7516208432
681 681 7516208448
681 682 7516208464
683 683 7516208480
684 684 7516208496
685 2 7516208512
685 3 7516208528
685 4 7516208544
685 6 7516208560
685 54 7516208576
685 55 7516208592
685 56 7516208608
685 57 7516208624
685 58 7516208640
685 59 7516208656
685 63 7516208672
685 64 7516208688
685 81 7516208704
685 92 7516208720
685 137 7516208736
685 138 7516208752
685 160 7516208768
685 174 7516208784
685 175 7516208800
685 193 7516208816
685 194 7516208832
685 208 7516208848
685 252 7516208864
685 281 7516208880
685 285 7516208896
685 286 7516208912
685 298 7516208928
685 305 7516208944
685 408 7516208960
685 412 7516208976
685 481 7516208992
685 520 7516209008
685 647 7516209024
685 665 7516209040
685 685 7516209056
685 698 7516209072
685 738 7516209088
685 809 7516209104
685 812 7516209120
685 815 7516209136
685 826 7516209152
685 845 7516209168
685 859 7516209184
685 880 7516209200
685 990 7516209216
686 21 7516209232
686 22 7516209248
686 114 7516209264
686 245 7516209280
686 263 7516209296
686 301 7516209312
686 531 7516209328
689 198 7516209344
689 689 7516209360
690 5 7516209376
690 20 7516209392
690 21 7516209408
690 74 7516209424
690 86 7516209440
690 106 7516209456
690 107 7516209472
690 160 7516209488
690 189 7516209504
690 215 7516209520
690 222 7516209536
690 282 7516209552
690 301 7516209568
690 316 7516209584
690 366 7516209600
690 400 7516209616
690 447 7516209632
690 690 7516209648
691 691 7516209664
692 130 7516209680
692 231 7516209696
694 129 7516209712
694 255 7516209728
694 493 7516209744
694 706 7516209760
695 20 7516209776
695 21 7516209792
695 85 7516209808
695 106 7516209824
695 129 7516209840
695 147 7516209856
695 164 7516209872
695 183 7516209888
695 189 7516209904
695 211 7516209920
695 222 7516209936
695 227 7516209952
695 228 7516209968
695 249 7516209984
695 259 7516210000
695 315 7516210016
695 316 7516210032
695 317 7516210048
695 365 7516210064
695 405 7516210080
695 459 7516210096
695 597 7516210112
695 607 7516210128
695 695 7516210144
695 734 7516210160
696 17 7516210176
696 74 7516210192
696 222 7516210208
696 297 7516210224
697 5 7516210240
697 697 7516210256
698 2 7516210272
698 13 7516210288
698 54 7516210304
698 55 7516210320
698 56 7516210336
698 57 7516210352
698 58 7516210368
698 59 7516210384
698 126 7516210400
698 131 7516210416
698 138 7516210432
698 194 7516210448
698 208 7516210464
698 211 7516210480
698 271 7516210496
698 285 7516210512
698 305 7516210528
698 411 7516210544
698 412 7516210560
698 481 7516210576
698 552 7516210592
698 685 7516210608
698 698 7516210624
698 738 7516210640
698 809 7516210656
698 949 7516210672
699 44 7516210688
699 141 7516210704
699 332 7516210720
699 406 7516210736
699 441 7516210752
699 500 7516210768
699 529 7516210784
699 699 7516210800
699 700 7516210816
699 845 7516210832
699 913 7516210848
699 924 7516210864
699 953 7516210880
700 19 7516210896
700 238 7516210912
700 247 7516210928
700 267 7516210944
700 299 7516210960
700 358 7516210976
700 359 7516210992
700 441 7516211008
700 602 7516211024
700 661 7516211040
700 699 7516211056
700 707 7516211072
700 720 7516211088
700 823 7516211104
700 956 7516211120
700 957 7516211136
703 703 7516211152
704 704 7516211168
705 450 7516211184
705 705 7516211200
706 280 7516211216
706 290 7516211232
706 523 7516211248
706 836 7516211264
707 7 7516211280
707 19 7516211296
707 61 7516211312
707 73 7516211328
707 213 7516211344
707 232 7516211360
707 247 7516211376
707 265 7516211392
707 267 7516211408
707 331 7516211424
707 441 7516211440
707 465 7516211456
707 499 7516211472
707 525 7516211488
707 602 7516211504
707 627 7516211520
707 661 7516211536
707 700 7516211552
707 765 7516211568
707 823 7516211584
707 856 7516211600
707 872 7516211616
707 950 7516211632
707 957 7516211648
708 62 7516211664
708 98 7516211680
708 99 7516211696
708 100 7516211712
708 107 7516211728
708 124 7516211744
708 125 7516211760
708 353 7516211776
708 371 7516211792
708 404 7516211808
708 708 7516211824
708 768 7516211840
710 184 7516211856
710 189 7516211872
710 272 7516211888
710 299 7516211904
710 418 7516211920
710 498 7516211936
710 508 7516211952
710 509 7516211968
710 710 7516211984
710 747 7516212000
710 896 7516212016
710 952 7516212032
711 711 7516212048
713 81 7516212064
713 509 7516212080
714 62 7516212096
714 86 7516212112
714 129 7516212128
714 401 7516212144
714 413 7516212160
714 425 7516212176
714 450 7516212192
714 714 7516212208
715 20 7516212224
715 21 7516212240
716 5 7516212256
716 716 7516212272
717 106 7516212288
717 215 7516212304
717 459 7516212320
717 717 7516212336
719 52 7516212352
719 64 7516212368
719 121 7516212384
719 157 7516212400
719 182 7516212416
719 296 7516212432
719 376 7516212448
719 379 7516212464
719 393 7516212480
719 397 7516212496
719 719 7516212512
719 841 7516212528
720 9 7516212544
720 11 7516212560
720 86 7516212576
720 213 7516212592
720 266 7516212608
720 324 7516212624
720 332 7516212640
720 406 7516212656
720 441 7516212672
720 466 7516212688
720 498 7516212704
720 525 7516212720
720 529 7516212736
720 555 7516212752
720 608 7516212768
720 699 7516212784
720 700 7516212800
720 707 7516212816
720 720 7516212832
720 754 7516212848
720 765 7516212864
720 804 7516212880
720 856 7516212896
721 229 7516212912
721 721 7516212928
723 92 7516212944
723 306 7516212960
723 538 7516212976
723 546 7516212992
723 551 7516213008
723 723 7516213024
723 733 7516213040
723 825 7516213056
723 923 7516213072
725 113 7516213088
725 245 7516213104
725 370 7516213120
726 1 7516213136
726 5 7516213152
726 17 7516213168
726 85 7516213184
726 106 7516213200
726 107 7516213216
726 152 7516213232
726 160 7516213248
726 189 7516213264
726 212 7516213280
726 282 7516213296
726 283 7516213312
726 316 7516213328
726 342 7516213344
726 612 7516213360
726 726 7516213376
727 83 7516213392
727 464 7516213408
727 483 7516213424
728 20 7516213440
728 21 7516213456
728 96 7516213472
728 327 7516213488
730 5 7516213504
730 13 7516213520
730 62 7516213536
730 64 7516213552
730 82 7516213568
730 107 7516213584
730 160 7516213600
730 211 7516213616
730 231 7516213632
730 301 7516213648
730 460 7516213664
730 468 7516213680
730 730 7516213696
731 731 7516213712
732 732 7516213728
733 306 7516213744
733 326 7516213760
733 327 7516213776
733 420 7516213792
733 538 7516213808
733 551 7516213824
733 723 7516213840
733 728 7516213856
733 733 7516213872
733 777 7516213888
733 825 7516213904
733 923 7516213920
734 0 7516213936
734 177 7516213952
735 269 7516213968
736 333 7516213984
736 736 7516214000
737 271 7516214016
737 737 7516214032
738 2 7516214048
738 4 7516214064
738 6 7516214080
738 54 7516214096
738 55 7516214112
738 57 7516214128
738 58 7516214144
738 59 7516214160
738 63 7516214176
738 131 7516214192
738 195 7516214208
738 208 7516214224
738 211 7516214240
738 271 7516214256
738 281 7516214272
738 285 7516214288
738 305 7516214304
738 411 7516214320
738 412 7516214336
738 481 7516214352
738 520 7516214368
738 552 7516214384
738 586 7516214400
738 698 7516214416
738 738 7516214432
738 809 7516214448
740 51 7516214464
741 179 7516214480
741 250 7516214496
741 741 7516214512
742 166 7516214528
742 614 7516214544
742 742 7516214560
743 102 7516214576
743 516 7516214592
743 517 7516214608
743 743 7516214624
744 744 7516214640
745 74 7516214656
745 189 7516214672
745 221 7516214688
745 282 7516214704
745 745 7516214720
746 746 7516214736
747 62 7516214752
747 69 7516214768
747 80 7516214784
747 82 7516214800
747 83 7516214816
747 86 7516214832
747 105 7516214848
747 106 7516214864
747 107 7516214880
747 121 7516214896
747 142 7516214912
747 160 7516214928
747 162 7516214944
747 166 7516214960
747 184 7516214976
747 189 7516214992
747 249 7516215008
747 282 7516215024
747 301 7516215040
747 366 7516215056
747 418 7516215072
747 424 7516215088
747 473 7516215104
747 494 7516215120
747 508 7516215136
747 509 7516215152
747 513 7516215168
747 549 7516215184
747 550 7516215200
747 612 7516215216
747 615 7516215232
747 663 7516215248
747 667 7516215264
747 671 7516215280
747 710 7516215296
748 16 7516215312
748 46 7516215328
748 62 7516215344
748 105 7516215360
748 106 7516215376
748 107 7516215392
748 121 7516215408
748 129 7516215424
748 151 7516215440
748 160 7516215456
748 164 7516215472
748 173 7516215488
748 182 7516215504
748 222 7516215520
748 256 7516215536
748 283 7516215552
748 300 7516215568
748 367 7516215584
748 377 7516215600
748 405 7516215616
748 424 7516215632
748 460 7516215648
748 564 7516215664
748 708 7516215680
748 748 7516215696
748 793 7516215712
750 88 7516215728
751 6 7516215744
751 51 7516215760
751 128 7516215776
753 75 7516215792
753 119 7516215808
753 151 7516215824
753 170 7516215840
753 470 7516215856
753 753 7516215872
753 816 7516215888
753 860 7516215904
753 900 7516215920
753 914 7516215936
753 978 7516215952
754 11 7516215968
754 44 7516215984
754 62 7516216000
754 141 7516216016
754 211 7516216032
754 266 7516216048
754 293 7516216064
754 324 7516216080
754 360 7516216096
754 466 7516216112
754 555 7516216128
754 565 7516216144
754 569 7516216160
754 608 7516216176
754 661 7516216192
754 674 7516216208
754 720 7516216224
754 804 7516216240
754 950 7516216256
755 211 7516216272
756 42 7516216288
756 73 7516216304
756 74 7516216320
756 86 7516216336
756 106 7516216352
756 118 7516216368
756 142 7516216384
756 166 7516216400
756 183 7516216416
756 215 7516216432
756 223 7516216448
756 225 7516216464
756 227 7516216480
756 268 7516216496
756 311 7516216512
756 375 7516216528
756 390 7516216544
756 431 7516216560
756 459 7516216576
756 533 7516216592
756 597 7516216608
756 613 7516216624
756 614 7516216640
756 756 7516216656
757 757 7516216672
758 61 7516216688
758 758 7516216704
759 459 7516216720
760 15 7516216736
760 335 7516216752
760 546 7516216768
763 5 7516216784
763 763 7516216800
765 44 7516216816
765 86 7516216832
765 358 7516216848
765 365 7516216864
765 430 7516216880
765 499 7516216896
765 504 7516216912
765 506 7516216928
765 525 7516216944
765 720 7516216960
766 134 7516216976
766 340 7516216992
766 521 7516217008
766 766 7516217024
768 97 7516217040
768 98 7516217056
768 99 7516217072
768 100 7516217088
768 101 7516217104
768 124 7516217120
768 125 7516217136
768 323 7516217152
768 404 7516217168
768 935 7516217184
772 772 7516217200
773 405 7516217216
773 773 7516217232
776 14 7516217248
776 41 7516217264
776 94 7516217280
776 130 7516217296
776 199 7516217312
776 200 7516217328
776 201 7516217344
776 203 7516217360
776 204 7516217376
776 342 7516217392
776 391 7516217408
776 572 7516217424
776 593 7516217440
776 749 7516217456
776 776 7516217472
776 820 7516217488
776 908 7516217504
776 918 7516217520
776 936 7516217536
777 10 7516217552
777 86 7516217568
777 134 7516217584
777 173 7516217600
777 200 7516217616
777 259 7516217632
777 340 7516217648
777 419 7516217664
777 482 7516217680
777 535 7516217696
777 538 7516217712
777 554 7516217728
777 723 7516217744
777 733 7516217760
777 777 7516217776
777 862 7516217792
778 85 7516217808
778 569 7516217824
779 820 7516217840
783 16 7516217856
783 82 7516217872
783 142 7516217888
783 154 7516217904
783 420 7516217920
783 424 7516217936
783 654 7516217952
783 669 7516217968
784 784 7516217984
786 64 7516218000
786 189 7516218016
786 206 7516218032
786 407 7516218048
786 465 7516218064
786 519 7516218080
786 786 7516218096
788 717 7516218112
788 788 7516218128
789 5 7516218144
789 458 7516218160
789 835 7516218176
790 544 7516218192
791 493 7516218208
791 612 7516218224
793 206 7516218240
793 316 7516218256
793 613 7516218272
797 18 7516218288
797 231 7516218304
797 342 7516218320
