558 3 5335154688
559 6 5335154704
560 3 5335154720
561 9 5335154736
562 7 5335154752
563 5 5335154768
564 7 5335154784
565 9 5335154800
566 3 5335154816
567 2 5335154832
568 1 5335154848
569 7 5335154864
570 2 5335154880
571 9 5335154896
572 9 5335154912
573 9 5335154928
574 2 5335154944
575 8 5335154960
576 3 5335154976
577 5 5335154992
578 3 5335155008
579 5 5335155024
580 1 5335155040
581 2 5335155056
582 4 5335155072
583 2 5335155088
584 6 5335155104
585 4 5335155120
586 2 5335155136
587 4 5335155152
588 4 5335155168
589 6 5335155184
590 2 5335155200
591 3 5335155216
592 3 5335155232
593 9 5335155248
594 8 5335155264
595 8 5335155280
596 5 5335155296
597 6 5335155312
598 1 5335155328
599 3 5335155344
600 7 5335155360
601 9 5335155376
602 9 5335155392
603 2 5335155408
604 4 5335155424
605 4 5335155440
606 1 5335155456
607 6 5335155472
608 2 5335155488
609 1 5335155504
610 9 5335155520
611 4 5335155536
612 7 5335155552
613 6 5335155568
614 5 5335155584
615 1 5335155600
616 4 5335155616
617 3 5335155632
618 2 5335155648
619 8 5335155664
