211 586 3758096384
211 604 3758096400
211 611 3758096416
211 612 3758096432
211 636 3758096448
211 646 3758096464
211 654 3758096480
211 661 3758096496
211 683 3758096512
211 695 3758096528
211 698 3758096544
211 705 3758096560
211 734 3758096576
211 738 3758096592
211 754 3758096608
211 764 3758096624
211 807 3758096640
211 809 3758096656
211 842 3758096672
211 845 3758096688
211 859 3758096704
211 924 3758096720
211 928 3758096736
211 932 3758096752
211 949 3758096768
211 990 3758096784
212 7 3758096800
212 17 3758096816
212 21 3758096832
212 28 3758096848
212 41 3758096864
212 44 3758096880
212 48 3758096896
212 58 3758096912
212 63 3758096928
212 64 3758096944
212 68 3758096960
212 69 3758096976
212 70 3758096992
212 74 3758097008
212 77 3758097024
212 81 3758097040
212 82 3758097056
212 83 3758097072
212 86 3758097088
212 87 3758097104
212 91 3758097120
212 105 3758097136
212 106 3758097152
212 114 3758097168
212 115 3758097184
212 121 3758097200
212 128 3758097216
212 129 3758097232
212 131 3758097248
212 142 3758097264
212 144 3758097280
212 145 3758097296
212 147 3758097312
212 152 3758097328
212 160 3758097344
212 162 3758097360
212 163 3758097376
212 165 3758097392
212 166 3758097408
212 169 3758097424
212 170 3758097440
212 173 3758097456
212 174 3758097472
212 180 3758097488
212 183 3758097504
212 191 3758097520
212 210 3758097536
212 211 3758097552
212 212 3758097568
212 223 3758097584
212 226 3758097600
212 233 3758097616
212 249 3758097632
212 252 3758097648
212 253 3758097664
212 255 3758097680
212 256 3758097696
212 268 3758097712
212 269 3758097728
212 282 3758097744
212 283 3758097760
212 288 3758097776
212 296 3758097792
212 303 3758097808
212 329 3758097824
212 333 3758097840
212 340 3758097856
212 355 3758097872
212 363 3758097888
212 364 3758097904
212 365 3758097920
212 367 3758097936
212 393 3758097952
212 404 3758097968
212 405 3758097984
212 408 3758098000
212 411 3758098016
212 420 3758098032
212 422 3758098048
212 427 3758098064
212 431 3758098080
212 434 3758098096
212 450 3758098112
212 453 3758098128
212 459 3758098144
212 462 3758098160
212 489 3758098176
212 490 3758098192
212 492 3758098208
212 493 3758098224
212 494 3758098240
212 508 3758098256
212 509 3758098272
212 518 3758098288
212 531 3758098304
212 544 3758098320
212 546 3758098336
212 549 3758098352
212 550 3758098368
212 576 3758098384
212 589 3758098400
212 612 3758098416
212 641 3758098432
212 642 3758098448
212 726 3758098464
212 820 3758098480
212 856 3758098496
212 932 3758098512
213 7 3758098528
213 8 3758098544
213 9 3758098560
213 11 3758098576
213 44 3758098592
213 61 3758098608
213 141 3758098624
213 155 3758098640
213 182 3758098656
213 213 3758098672
213 246 3758098688
213 247 3758098704
213 264 3758098720
213 265 3758098736
213 266 3758098752
213 320 3758098768
213 332 3758098784
213 358 3758098800
213 359 3758098816
213 360 3758098832
213 407 3758098848
213 441 3758098864
213 452 3758098880
213 466 3758098896
213 473 3758098912
213 487 3758098928
213 496 3758098944
213 498 3758098960
213 499 3758098976
213 503 3758098992
213 525 3758099008
213 529 3758099024
213 533 3758099040
213 558 3758099056
213 573 3758099072
213 602 3758099088
213 608 3758099104
213 700 3758099120
213 707 3758099136
213 720 3758099152
213 823 3758099168
213 913 3758099184
213 951 3758099200
213 956 3758099216
213 957 3758099232
214 21 3758099248
214 83 3758099264
214 94 3758099280
214 124 3758099296
214 128 3758099312
214 157 3758099328
214 172 3758099344
214 176 3758099360
214 177 3758099376
214 178 3758099392
214 179 3758099408
214 180 3758099424
214 191 3758099440
214 206 3758099456
214 207 3758099472
214 211 3758099488
214 214 3758099504
214 215 3758099520
214 232 3758099536
214 278 3758099552
214 280 3758099568
214 284 3758099584
214 301 3758099600
214 342 3758099616
214 343 3758099632
214 345 3758099648
214 346 3758099664
214 351 3758099680
214 352 3758099696
214 377 3758099712
214 413 3758099728
214 434 3758099744
214 460 3758099760
214 483 3758099776
214 536 3758099792
214 681 3758099808
215 0 3758099824
215 1 3758099840
215 5 3758099856
215 17 3758099872
215 18 3758099888
215 42 3758099904
215 53 3758099920
215 58 3758099936
215 60 3758099952
215 64 3758099968
215 66 3758099984
215 73 3758100000
215 74 3758100016
215 81 3758100032
215 82 3758100048
215 87 3758100064
215 114 3758100080
215 121 3758100096
215 128 3758100112
215 150 3758100128
215 155 3758100144
215 159 3758100160
215 177 3758100176
215 183 3758100192
215 187 3758100208
215 188 3758100224
215 197 3758100240
215 201 3758100256
215 214 3758100272
215 215 3758100288
215 218 3758100304
215 220 3758100320
215 221 3758100336
215 222 3758100352
215 223 3758100368
215 227 3758100384
215 248 3758100400
215 249 3758100416
215 268 3758100432
215 283 3758100448
215 295 3758100464
215 296 3758100480
215 297 3758100496
215 301 3758100512
215 306 3758100528
215 309 3758100544
215 311 3758100560
215 313 3758100576
215 314 3758100592
215 316 3758100608
215 331 3758100624
215 340 3758100640
215 341 3758100656
215 347 3758100672
215 366 3758100688
215 400 3758100704
215 411 3758100720
215 434 3758100736
215 440 3758100752
215 459 3758100768
215 460 3758100784
215 511 3758100800
215 541 3758100816
215 549 3758100832
215 560 3758100848
215 589 3758100864
215 650 3758100880
215 690 3758100896
215 717 3758100912
215 747 3758100928
215 756 3758100944
215 812 3758100960
215 820 3758100976
216 15 3758100992
216 45 3758101008
216 46 3758101024
216 62 3758101040
216 64 3758101056
216 107 3758101072
216 139 3758101088
216 140 3758101104
216 142 3758101120
216 164 3758101136
216 216 3758101152
216 254 3758101168
216 269 3758101184
216 272 3758101200
216 273 3758101216
216 274 3758101232
216 301 3758101248
216 428 3758101264
216 429 3758101280
216 446 3758101296
216 448 3758101312
216 509 3758101328
216 579 3758101344
216 592 3758101360
217 49 3758101376
217 50 3758101392
217 70 3758101408
217 71 3758101424
217 84 3758101440
217 121 3758101456
217 142 3758101472
217 160 3758101488
217 162 3758101504
217 282 3758101520
217 288 3758101536
217 366 3758101552
217 404 3758101568
217 431 3758101584
217 432 3758101600
217 433 3758101616
217 612 3758101632
217 643 3758101648
217 654 3758101664
218 0 3758101680
218 1 3758101696
218 5 3758101712
218 17 3758101728
218 18 3758101744
218 36 3758101760
218 73 3758101776
218 74 3758101792
218 82 3758101808
218 85 3758101824
218 86 3758101840
218 95 3758101856
218 120 3758101872
218 133 3758101888
218 166 3758101904
218 177 3758101920
218 183 3758101936
218 196 3758101952
218 199 3758101968
218 215 3758101984
218 218 3758102000
218 219 3758102016
218 220 3758102032
218 221 3758102048
218 222 3758102064
218 223 3758102080
218 224 3758102096
218 225 3758102112
218 226 3758102128
218 228 3758102144
218 248 3758102160
218 268 3758102176
218 288 3758102192
218 297 3758102208
218 307 3758102224
218 308 3758102240
218 309 3758102256
218 310 3758102272
218 311 3758102288
218 312 3758102304
218 313 3758102320
218 314 3758102336
218 315 3758102352
218 316 3758102368
218 317 3758102384
218 340 3758102400
218 341 3758102416
218 366 3758102432
218 459 3758102448
218 482 3758102464
218 513 3758102480
218 549 3758102496
218 696 3758102512
218 872 3758102528
219 60 3758102544
219 79 3758102560
220 17 3758102576
220 23 3758102592
220 47 3758102608
220 128 3758102624
220 165 3758102640
220 177 3758102656
220 215 3758102672
220 220 3758102688
220 223 3758102704
220 434 3758102720
221 0 3758102736
221 1 3758102752
221 14 3758102768
221 16 3758102784
221 17 3758102800
221 18 3758102816
221 52 3758102832
221 73 3758102848
221 74 3758102864
221 85 3758102880
221 106 3758102896
221 107 3758102912
221 116 3758102928
221 121 3758102944
221 129 3758102960
221 177 3758102976
221 215 3758102992
221 218 3758103008
221 222 3758103024
221 223 3758103040
221 224 3758103056
221 225 3758103072
221 226 3758103088
221 248 3758103104
221 249 3758103120
221 256 3758103136
221 268 3758103152
221 280 3758103168
221 282 3758103184
221 283 3758103200
221 310 3758103216
221 313 3758103232
221 314 3758103248
221 316 3758103264
221 317 3758103280
221 403 3758103296
221 468 3758103312
221 485 3758103328
221 493 3758103344
221 546 3758103360
221 549 3758103376
221 560 3758103392
221 647 3758103408
222 0 3758103424
222 1 3758103440
222 17 3758103456
222 18 3758103472
222 20 3758103488
222 21 3758103504
222 74 3758103520
222 81 3758103536
222 85 3758103552
222 86 3758103568
222 106 3758103584
222 107 3758103600
222 142 3758103616
222 187 3758103632
222 188 3758103648
222 189 3758103664
222 215 3758103680
222 218 3758103696
222 219 3758103712
222 221 3758103728
222 222 3758103744
222 223 3758103760
222 225 3758103776
222 226 3758103792
222 227 3758103808
222 255 3758103824
222 256 3758103840
222 268 3758103856
222 282 3758103872
222 301 3758103888
222 309 3758103904
222 310 3758103920
222 311 3758103936
222 312 3758103952
222 314 3758103968
222 315 3758103984
222 316 3758104000
222 365 3758104016
222 400 3758104032
222 459 3758104048
222 467 3758104064
222 513 3758104080
222 543 3758104096
222 560 3758104112
222 607 3758104128
222 690 3758104144
222 911 3758104160
223 0 3758104176
223 17 3758104192
223 18 3758104208
223 20 3758104224
223 64 3758104240
223 73 3758104256
223 74 3758104272
223 83 3758104288
223 86 3758104304
223 87 3758104320
223 105 3758104336
223 106 3758104352
223 117 3758104368
223 121 3758104384
223 142 3758104400
223 152 3758104416
223 160 3758104432
223 166 3758104448
223 177 3758104464
223 183 3758104480
223 212 3758104496
223 215 3758104512
223 218 3758104528
223 221 3758104544
223 222 3758104560
223 223 3758104576
223 225 3758104592
223 228 3758104608
223 256 3758104624
223 268 3758104640
223 282 3758104656
223 309 3758104672
223 311 3758104688
223 313 3758104704
223 314 3758104720
223 317 3758104736
223 330 3758104752
223 331 3758104768
223 365 3758104784
223 366 3758104800
223 459 3758104816
223 468 3758104832
223 518 3758104848
223 560 3758104864
223 612 3758104880
223 624 3758104896
223 758 3758104912
224 1 3758104928
224 64 3758104944
224 160 3758104960
224 221 3758104976
224 224 3758104992
224 256 3758105008
224 309 3758105024
224 365 3758105040
224 468 3758105056
225 1 3758105072
225 17 3758105088
225 18 3758105104
225 74 3758105120
225 86 3758105136
225 189 3758105152
225 215 3758105168
225 221 3758105184
225 225 3758105200
225 226 3758105216
225 282 3758105232
225 283 3758105248
225 301 3758105264
225 311 3758105280
225 312 3758105296
225 331 3758105312
225 409 3758105328
225 459 3758105344
225 460 3758105360
225 494 3758105376
226 17 3758105392
226 42 3758105408
226 62 3758105424
226 74 3758105440
226 82 3758105456
226 85 3758105472
226 86 3758105488
226 105 3758105504
226 106 3758105520
226 107 3758105536
226 114 3758105552
226 121 3758105568
226 128 3758105584
226 142 3758105600
226 165 3758105616
226 166 3758105632
226 186 3758105648
226 212 3758105664
226 218 3758105680
226 221 3758105696
226 223 3758105712
226 225 3758105728
226 227 3758105744
226 228 3758105760
226 232 3758105776
226 256 3758105792
226 275 3758105808
226 282 3758105824
226 283 3758105840
226 301 3758105856
226 313 3758105872
226 317 3758105888
226 340 3758105904
226 365 3758105920
226 366 3758105936
226 371 3758105952
226 419 3758105968
226 434 3758105984
226 440 3758106000
226 443 3758106016
226 459 3758106032
226 483 3758106048
226 513 3758106064
226 518 3758106080
226 533 3758106096
226 696 3758106112
226 892 3758106128
227 227 3758106144
228 377 3758106160
229 28 3758106176
229 30 3758106192
229 31 3758106208
229 37 3758106224
229 39 3758106240
229 48 3758106256
229 64 3758106272
229 84 3758106288
229 114 3758106304
229 115 3758106320
229 119 3758106336
229 143 3758106352
229 165 3758106368
229 170 3758106384
229 177 3758106400
229 183 3758106416
229 198 3758106432
229 229 3758106448
229 338 3758106464
229 366 3758106480
229 387 3758106496
229 434 3758106512
229 489 3758106528
229 494 3758106544
229 513 3758106560
229 536 3758106576
229 721 3758106592
230 5 3758106608
230 20 3758106624
230 21 3758106640
230 62 3758106656
230 74 3758106672
230 80 3758106688
230 82 3758106704
230 107 3758106720
230 121 3758106736
230 230 3758106752
230 282 3758106768
230 283 3758106784
230 333 3758106800
230 366 3758106816
230 375 3758106832
230 420 3758106848
230 424 3758106864
230 533 3758106880
230 898 3758106896
231 14 3758106912
231 53 3758106928
231 60 3758106944
231 65 3758106960
231 74 3758106976
231 122 3758106992
231 129 3758107008
231 167 3758107024
231 168 3758107040
231 172 3758107056
231 176 3758107072
231 177 3758107088
231 178 3758107104
231 179 3758107120
231 180 3758107136
231 181 3758107152
231 191 3758107168
231 196 3758107184
231 201 3758107200
231 203 3758107216
231 206 3758107232
231 214 3758107248
231 231 3758107264
231 232 3758107280
231 249 3758107296
231 257 3758107312
231 262 3758107328
231 277 3758107344
231 278 3758107360
231 280 3758107376
231 284 3758107392
231 289 3758107408
231 290 3758107424
231 292 3758107440
231 342 3758107456
231 343 3758107472
231 347 3758107488
231 351 3758107504
231 377 3758107520
231 385 3758107536
231 426 3758107552
231 434 3758107568
231 440 3758107584
231 457 3758107600
231 466 3758107616
231 526 3758107632
231 537 3758107648
231 575 3758107664
231 621 3758107680
231 624 3758107696
231 645 3758107712
231 655 3758107728
231 656 3758107744
231 692 3758107760
231 730 3758107776
231 797 3758107792
231 841 3758107808
231 871 3758107824
232 1 3758107840
232 5 3758107856
232 6 3758107872
232 14 3758107888
232 18 3758107904
232 41 3758107920
232 51 3758107936
232 52 3758107952
232 53 3758107968
232 60 3758107984
232 61 3758108000
232 64 3758108016
232 65 3758108032
232 103 3758108048
232 113 3758108064
232 115 3758108080
232 120 3758108096
232 121 3758108112
232 133 3758108128
232 141 3758108144
232 156 3758108160
232 167 3758108176
232 176 3758108192
232 177 3758108208
232 178 3758108224
232 201 3758108240
232 204 3758108256
232 206 3758108272
232 214 3758108288
232 219 3758108304
232 226 3758108320
232 231 3758108336
232 232 3758108352
232 241 3758108368
232 263 3758108384
232 264 3758108400
232 265 3758108416
232 266 3758108432
232 277 3758108448
232 280 3758108464
232 284 3758108480
232 291 3758108496
232 292 3758108512
232 294 3758108528
232 312 3758108544
232 320 3758108560
232 321 3758108576
232 358 3758108592
232 368 3758108608
232 380 3758108624
232 397 3758108640
232 426 3758108656
232 440 3758108672
232 457 3758108688
232 473 3758108704
232 483 3758108720
232 484 3758108736
232 486 3758108752
232 498 3758108768
232 499 3758108784
232 501 3758108800
232 515 3758108816
232 525 3758108832
232 526 3758108848
232 537 3758108864
232 556 3758108880
232 557 3758108896
232 562 3758108912
232 575 3758108928
232 576 3758108944
232 608 3758108960
232 611 3758108976
232 705 3758108992
232 707 3758109008
232 804 3758109024
232 820 3758109040
232 872 3758109056
232 939 3758109072
232 1000 3758109088
233 58 3758109104
233 62 3758109120
233 63 3758109136
233 70 3758109152
233 82 3758109168
233 83 3758109184
233 84 3758109200
233 86 3758109216
233 88 3758109232
233 101 3758109248
233 105 3758109264
233 115 3758109280
233 121 3758109296
233 124 3758109312
233 142 3758109328
233 145 3758109344
233 158 3758109360
233 159 3758109376
233 160 3758109392
233 166 3758109408
233 174 3758109424
233 209 3758109440
233 210 3758109456
233 212 3758109472
233 233 3758109488
233 234 3758109504
233 235 3758109520
233 236 3758109536
233 237 3758109552
233 238 3758109568
233 239 3758109584
233 240 3758109600
233 241 3758109616
233 242 3758109632
233 243 3758109648
233 244 3758109664
233 252 3758109680
233 282 3758109696
233 288 3758109712
233 366 3758109728
233 404 3758109744
233 433 3758109760
233 434 3758109776
233 460 3758109792
233 474 3758109808
233 494 3758109824
233 532 3758109840
233 546 3758109856
233 586 3758109872
233 601 3758109888
233 612 3758109904
233 637 3758109920
233 654 3758109936
233 828 3758109952
234 5 3758109968
234 6 3758109984
234 58 3758110000
234 82 3758110016
234 86 3758110032
234 96 3758110048
234 121 3758110064
234 145 3758110080
234 158 3758110096
234 159 3758110112
234 160 3758110128
234 166 3758110144
234 209 3758110160
234 210 3758110176
234 233 3758110192
234 234 3758110208
234 235 3758110224
234 236 3758110240
234 237 3758110256
234 238 3758110272
234 239 3758110288
234 240 3758110304
234 241 3758110320
234 242 3758110336
234 243 3758110352
234 244 3758110368
234 256 3758110384
234 269 3758110400
234 282 3758110416
234 283 3758110432
234 319 3758110448
234 404 3758110464
234 474 3758110480
234 494 3758110496
234 587 3758110512
234 637 3758110528
234 639 3758110544
234 654 3758110560
234 828 3758110576
234 926 3758110592
234 930 3758110608
234 931 3758110624
234 963 3758110640
235 96 3758110656
235 158 3758110672
235 159 3758110688
235 209 3758110704
235 210 3758110720
235 233 3758110736
235 234 3758110752
235 236 3758110768
235 238 3758110784
235 240 3758110800
235 242 3758110816
235 243 3758110832
235 244 3758110848
235 303 3758110864
235 319 3758110880
235 360 3758110896
235 420 3758110912
235 610 3758110928
235 930 3758110944
235 963 3758110960
236 3 3758110976
236 5 3758110992
236 46 3758111008
236 62 3758111024
236 63 3758111040
236 96 3758111056
236 107 3758111072
236 121 3758111088
236 132 3758111104
236 155 3758111120
236 158 3758111136
236 159 3758111152
236 208 3758111168
236 209 3758111184
236 210 3758111200
236 211 3758111216
236 233 3758111232
236 234 3758111248
236 235 3758111264
236 236 3758111280
236 238 3758111296
236 240 3758111312
236 241 3758111328
236 243 3758111344
236 244 3758111360
236 249 3758111376
236 269 3758111392
236 303 3758111408
236 319 3758111424
236 363 3758111440
236 371 3758111456
236 434 3758111472
236 587 3758111488
236 930 3758111504
236 963 3758111520
237 5 3758111536
237 6 3758111552
237 62 3758111568
237 107 3758111584
237 158 3758111600
237 159 3758111616
237 162 3758111632
237 174 3758111648
237 209 3758111664
237 210 3758111680
237 234 3758111696
237 236 3758111712
237 237 3758111728
237 238 3758111744
237 241 3758111760
237 242 3758111776
237 243 3758111792
237 244 3758111808
237 253 3758111824
237 319 3758111840
237 424 3758111856
237 587 3758111872
237 926 3758111888
237 927 3758111904
237 932 3758111920
237 963 3758111936
238 0 3758111952
238 2 3758111968
238 62 3758111984
238 64 3758112000
238 86 3758112016
238 89 3758112032
238 92 3758112048
238 158 3758112064
238 159 3758112080
238 176 3758112096
238 194 3758112112
238 209 3758112128
238 210 3758112144
238 211 3758112160
238 234 3758112176
238 236 3758112192
238 237 3758112208
238 238 3758112224
238 239 3758112240
238 241 3758112256
238 242 3758112272
238 243 3758112288
238 244 3758112304
238 302 3758112320
238 412 3758112336
238 440 3758112352
238 457 3758112368
238 498 3758112384
238 499 3758112400
238 506 3758112416
238 525 3758112432
238 587 3758112448
238 601 3758112464
238 602 3758112480
238 622 3758112496
238 700 3758112512
238 758 3758112528
238 930 3758112544
238 963 3758112560
240 11 3758112576
240 57 3758112592
240 158 3758112608
240 159 3758112624
240 160 3758112640
240 209 3758112656
240 210 3758112672
240 211 3758112688
240 234 3758112704
240 236 3758112720
240 237 3758112736
240 240 3758112752
240 241 3758112768
240 242 3758112784
240 424 3758112800
240 931 3758112816
240 963 3758112832
241 158 3758112848
241 159 3758112864
241 209 3758112880
241 210 3758112896
241 232 3758112912
241 234 3758112928
241 236 3758112944
241 237 3758112960
241 238 3758112976
241 240 3758112992
241 241 3758113008
241 242 3758113024
241 244 3758113040
241 440 3758113056
241 498 3758113072
241 499 3758113088
241 592 3758113104
242 5 3758113120
242 13 3758113136
242 62 3758113152
242 105 3758113168
242 106 3758113184
242 121 3758113200
242 132 3758113216
242 158 3758113232
242 159 3758113248
242 209 3758113264
242 210 3758113280
242 234 3758113296
242 236 3758113312
242 237 3758113328
242 238 3758113344
242 240 3758113360
242 241 3758113376
242 242 3758113392
242 243 3758113408
242 303 3758113424
242 599 3758113440
242 926 3758113456
242 977 3758113472
243 42 3758113488
243 57 3758113504
243 58 3758113520
243 63 3758113536
243 64 3758113552
243 80 3758113568
243 87 3758113584
243 132 3758113600
243 158 3758113616
243 159 3758113632
243 166 3758113648
243 209 3758113664
243 210 3758113680
243 233 3758113696
243 234 3758113712
243 235 3758113728
243 236 3758113744
243 237 3758113760
243 238 3758113776
243 239 3758113792
243 240 3758113808
243 241 3758113824
243 242 3758113840
243 243 3758113856
243 244 3758113872
243 252 3758113888
243 271 3758113904
243 305 3758113920
243 319 3758113936
243 373 3758113952
243 375 3758113968
243 411 3758113984
243 412 3758114000
243 434 3758114016
243 507 3758114032
243 613 3758114048
243 615 3758114064
243 820 3758114080
243 859 3758114096
243 930 3758114112
243 950 3758114128
243 963 3758114144
244 158 3758114160
244 209 3758114176
244 210 3758114192
244 233 3758114208
244 234 3758114224
244 235 3758114240
244 236 3758114256
244 237 3758114272
244 238 3758114288
244 243 3758114304
244 244 3758114320
244 252 3758114336
244 301 3758114352
244 409 3758114368
244 420 3758114384
244 422 3758114400
244 460 3758114416
244 615 3758114432
244 810 3758114448
244 963 3758114464
245 40 3758114480
245 47 3758114496
245 48 3758114512
245 62 3758114528
245 76 3758114544
245 82 3758114560
245 96 3758114576
245 113 3758114592
245 114 3758114608
245 115 3758114624
245 116 3758114640
245 160 3758114656
245 165 3758114672
245 171 3758114688
245 183 3758114704
245 245 3758114720
245 263 3758114736
245 301 3758114752
245 318 3758114768
245 326 3758114784
245 329 3758114800
245 333 3758114816
245 337 3758114832
245 338 3758114848
245 361 3758114864
245 365 3758114880
245 367 3758114896
245 417 3758114912
245 423 3758114928
245 442 3758114944
245 443 3758114960
245 444 3758114976
245 455 3758114992
245 485 3758115008
245 486 3758115024
245 547 3758115040
245 981 3758115056
246 7 3758115072
246 44 3758115088
246 141 3758115104
246 246 3758115120
246 247 3758115136
246 266 3758115152
246 421 3758115168
246 430 3758115184
246 498 3758115200
246 499 3758115216
246 530 3758115232
246 608 3758115248
246 649 3758115264
246 765 3758115280
246 856 3758115296
247 7 3758115312
247 11 3758115328
247 19 3758115344
247 246 3758115360
247 267 3758115376
247 498 3758115392
247 506 3758115408
247 661 3758115424
247 700 3758115440
247 707 3758115456
248 0 3758115472
248 17 3758115488
248 73 3758115504
248 74 3758115520
248 142 3758115536
248 221 3758115552
248 259 3758115568
248 260 3758115584
248 297 3758115600
248 309 3758115616
248 330 3758115632
248 366 3758115648
248 372 3758115664
248 459 3758115680
248 612 3758115696
248 696 3758115712
249 2 3758115728
249 3 3758115744
249 5 3758115760
249 7 3758115776
249 12 3758115792
249 16 3758115808
249 17 3758115824
249 18 3758115840
249 19 3758115856
249 21 3758115872
249 23 3758115888
249 28 3758115904
249 42 3758115920
249 44 3758115936
249 46 3758115952
249 54 3758115968
249 58 3758115984
249 62 3758116000
249 63 3758116016
249 64 3758116032
249 80 3758116048
249 81 3758116064
249 82 3758116080
249 83 3758116096
249 84 3758116112
249 87 3758116128
249 105 3758116144
249 106 3758116160
249 107 3758116176
249 114 3758116192
249 115 3758116208
249 121 3758116224
249 128 3758116240
249 129 3758116256
249 131 3758116272
249 132 3758116288
249 137 3758116304
249 141 3758116320
249 142 3758116336
249 145 3758116352
249 147 3758116368
249 152 3758116384
249 153 3758116400
249 154 3758116416
249 155 3758116432
249 159 3758116448
249 160 3758116464
249 161 3758116480
249 162 3758116496
249 163 3758116512
249 165 3758116528
249 166 3758116544
249 169 3758116560
249 170 3758116576
249 172 3758116592
249 173 3758116608
249 179 3758116624
249 180 3758116640
249 183 3758116656
249 184 3758116672
249 187 3758116688
249 201 3758116704
249 203 3758116720
249 208 3758116736
249 210 3758116752
249 211 3758116768
249 212 3758116784
249 215 3758116800
249 218 3758116816
249 221 3758116832
249 222 3758116848
249 236 3758116864
249 243 3758116880
249 249 3758116896
249 252 3758116912
249 253 3758116928
249 255 3758116944
249 256 3758116960
249 278 3758116976
249 280 3758116992
249 282 3758117008
249 283 3758117024
249 286 3758117040
249 296 3758117056
249 301 3758117072
249 303 3758117088
249 310 3758117104
249 327 3758117120
249 329 3758117136
249 333 3758117152
249 340 3758117168
249 353 3758117184
249 355 3758117200
249 356 3758117216
249 357 3758117232
249 362 3758117248
249 363 3758117264
249 365 3758117280
249 366 3758117296
249 367 3758117312
249 371 3758117328
249 377 3758117344
249 388 3758117360
249 393 3758117376
249 401 3758117392
249 404 3758117408
249 405 3758117424
249 407 3758117440
249 419 3758117456
249 420 3758117472
249 421 3758117488
249 424 3758117504
249 427 3758117520
249 430 3758117536
249 431 3758117552
249 434 3758117568
249 438 3758117584
249 440 3758117600
249 441 3758117616
249 460 3758117632
249 462 3758117648
249 464 3758117664
249 473 3758117680
249 474 3758117696
249 489 3758117712
249 490 3758117728
249 493 3758117744
249 495 3758117760
249 505 3758117776
249 506 3758117792
249 513 3758117808
249 518 3758117824
249 530 3758117840
249 531 3758117856
249 533 3758117872
249 541 3758117888
249 543 3758117904
249 546 3758117920
249 548 3758117936
249 550 3758117952
249 569 3758117968
249 577 3758117984
249 589 3758118000
249 602 3758118016
249 607 3758118032
249 615 3758118048
249 642 3758118064
249 654 3758118080
249 661 3758118096
249 671 3758118112
249 672 3758118128
249 695 3758118144
249 747 3758118160
249 765 3758118176
249 820 3758118192
249 833 3758118208
249 856 3758118224
249 859 3758118240
249 950 3758118256
249 954 3758118272
250 0 3758118288
250 1 3758118304
250 60 3758118320
250 103 3758118336
250 104 3758118352
250 113 3758118368
250 150 3758118384
250 157 3758118400
250 160 3758118416
250 174 3758118432
250 181 3758118448
250 250 3758118464
250 296 3758118480
250 320 3758118496
250 321 3758118512
250 351 3758118528
250 368 3758118544
250 377 3758118560
250 393 3758118576
250 394 3758118592
250 395 3758118608
250 495 3758118624
250 526 3758118640
250 741 3758118656
251 23 3758118672
251 26 3758118688
251 27 3758118704
251 30 3758118720
251 32 3758118736
251 40 3758118752
251 47 3758118768
251 62 3758118784
251 96 3758118800
251 115 3758118816
251 116 3758118832
251 123 3758118848
251 135 3758118864
251 136 3758118880
251 151 3758118896
251 160 3758118912
251 169 3758118928
251 170 3758118944
251 172 3758118960
251 251 3758118976
251 336 3758118992
251 338 3758119008
251 339 3758119024
251 340 3758119040
251 361 3758119056
251 370 3758119072
251 417 3758119088
251 437 3758119104
251 438 3758119120
251 455 3758119136
251 860 3758119152
251 900 3758119168
251 914 3758119184
252 2 3758119200
252 3 3758119216
252 4 3758119232
252 5 3758119248
252 6 3758119264
252 46 3758119280
252 48 3758119296
252 54 3758119312
252 55 3758119328
252 56 3758119344
252 57 3758119360
252 58 3758119376
252 59 3758119392
252 63 3758119408
252 66 3758119424
252 81 3758119440
252 82 3758119456
252 83 3758119472
252 84 3758119488
252 87 3758119504
252 88 3758119520
252 89 3758119536
252 96 3758119552
252 105 3758119568
252 107 3758119584
252 114 3758119600
252 115 3758119616
252 117 3758119632
252 121 3758119648
252 131 3758119664
252 132 3758119680
252 137 3758119696
252 138 3758119712
252 145 3758119728
252 153 3758119744
252 154 3758119760
252 159 3758119776
252 160 3758119792
252 162 3758119808
252 166 3758119824
252 169 3758119840
252 174 3758119856
252 175 3758119872
252 183 3758119888
252 193 3758119904
252 194 3758119920
252 195 3758119936
252 209 3758119952
252 210 3758119968
252 211 3758119984
252 212 3758120000
252 233 3758120016
252 234 3758120032
252 235 3758120048
252 236 3758120064
252 237 3758120080
252 238 3758120096
252 241 3758120112
252 243 3758120128
252 244 3758120144
252 252 3758120160
252 269 3758120176
252 271 3758120192
252 272 3758120208
252 273 3758120224
252 281 3758120240
252 282 3758120256
252 283 3758120272
252 285 3758120288
252 286 3758120304
252 288 3758120320
252 302 3758120336
252 303 3758120352
252 304 3758120368
252 305 3758120384
252 333 3758120400
252 338 3758120416
252 369 3758120432
252 389 3758120448
252 404 3758120464
252 408 3758120480
252 411 3758120496
252 412 3758120512
252 419 3758120528
252 427 3758120544
252 480 3758120560
252 481 3758120576
252 518 3758120592
252 520 3758120608
252 533 3758120624
252 546 3758120640
252 552 3758120656
252 571 3758120672
252 601 3758120688
252 611 3758120704
252 625 3758120720
252 654 3758120736
252 661 3758120752
252 685 3758120768
252 738 3758120784
252 740 3758120800
252 803 3758120816
252 809 3758120832
252 812 3758120848
252 826 3758120864
252 832 3758120880
252 845 3758120896
252 849 3758120912
252 854 3758120928
252 859 3758120944
252 880 3758120960
252 924 3758120976
252 932 3758120992
253 20 3758121008
253 21 3758121024
253 62 3758121040
253 75 3758121056
253 80 3758121072
253 87 3758121088
253 106 3758121104
253 107 3758121120
253 121 3758121136
253 142 3758121152
253 162 3758121168
253 166 3758121184
253 184 3758121200
253 189 3758121216
253 212 3758121232
253 222 3758121248
253 227 3758121264
253 228 3758121280
253 237 3758121296
253 258 3758121312
253 259 3758121328
253 282 3758121344
253 315 3758121360
253 316 3758121376
253 366 3758121392
253 373 3758121408
253 405 3758121424
253 418 3758121440
253 434 3758121456
253 459 3758121472
253 509 3758121488
253 607 3758121504
253 615 3758121520
253 671 3758121536
253 932 3758121552
254 1 3758121568
254 17 3758121584
254 21 3758121600
254 23 3758121616
254 28 3758121632
254 31 3758121648
254 41 3758121664
254 44 3758121680
254 46 3758121696
254 58 3758121712
254 62 3758121728
254 63 3758121744
254 74 3758121760
254 77 3758121776
254 81 3758121792
254 84 3758121808
254 106 3758121824
254 107 3758121840
254 114 3758121856
254 115 3758121872
254 121 3758121888
254 128 3758121904
254 129 3758121920
254 137 3758121936
