62 3 1040187392
63 9 1040187408
64 5 1040187424
65 7 1040187440
66 4 1040187456
67 2 1040187472
68 1 1040187488
69 8 1040187504
70 6 1040187520
71 3 1040187536
72 8 1040187552
73 7 1040187568
74 8 1040187584
75 7 1040187600
76 5 1040187616
77 6 1040187632
78 9 1040187648
79 8 1040187664
80 7 1040187680
81 4 1040187696
82 5 1040187712
83 1 1040187728
84 9 1040187744
85 4 1040187760
86 4 1040187776
87 8 1040187792
88 4 1040187808
89 7 1040187824
90 2 1040187840
91 6 1040187856
92 6 1040187872
93 2 1040187888
94 8 1040187904
95 8 1040187920
96 2 1040187936
97 2 1040187952
98 7 1040187968
99 2 1040187984
100 2 1040188000
101 1 1040188016
102 9 1040188032
103 8 1040188048
104 1 1040188064
105 6 1040188080
106 1 1040188096
107 5 1040188112
108 9 1040188128
109 2 1040188144
110 7 1040188160
111 5 1040188176
112 9 1040188192
113 1 1040188208
114 2 1040188224
115 8 1040188240
116 4 1040188256
117 6 1040188272
118 9 1040188288
119 5 1040188304
120 1 1040188320
121 8 1040188336
122 3 1040188352
123 2 1040188368
