254 142 4294967296
254 144 4294967312
254 147 4294967328
254 152 4294967344
254 153 4294967360
254 165 4294967376
254 169 4294967392
254 170 4294967408
254 173 4294967424
254 174 4294967440
254 180 4294967456
254 186 4294967472
254 210 4294967488
254 211 4294967504
254 216 4294967520
254 226 4294967536
254 227 4294967552
254 233 4294967568
254 252 4294967584
254 254 4294967600
254 255 4294967616
254 256 4294967632
254 269 4294967648
254 282 4294967664
254 283 4294967680
254 285 4294967696
254 290 4294967712
254 296 4294967728
254 303 4294967744
254 329 4294967760
254 340 4294967776
254 345 4294967792
254 355 4294967808
254 366 4294967824
254 367 4294967840
254 371 4294967856
254 393 4294967872
254 404 4294967888
254 420 4294967904
254 427 4294967920
254 433 4294967936
254 441 4294967952
254 445 4294967968
254 453 4294967984
254 458 4294968000
254 462 4294968016
254 474 4294968032
254 490 4294968048
254 492 4294968064
254 493 4294968080
254 495 4294968096
254 518 4294968112
254 531 4294968128
254 642 4294968144
254 651 4294968160
254 665 4294968176
254 820 4294968192
254 859 4294968208
254 932 4294968224
255 1 4294968240
255 5 4294968256
255 16 4294968272
255 42 4294968288
255 46 4294968304
255 62 4294968320
255 63 4294968336
255 83 4294968352
255 105 4294968368
255 106 4294968384
255 107 4294968400
255 114 4294968416
255 137 4294968432
255 152 4294968448
255 160 4294968464
255 169 4294968480
255 170 4294968496
255 189 4294968512
255 210 4294968528
255 211 4294968544
255 212 4294968560
255 215 4294968576
255 222 4294968592
255 249 4294968608
255 255 4294968624
255 256 4294968640
255 282 4294968656
255 283 4294968672
255 284 4294968688
255 295 4294968704
255 303 4294968720
255 316 4294968736
255 329 4294968752
255 363 4294968768
255 365 4294968784
255 366 4294968800
255 371 4294968816
255 405 4294968832
255 419 4294968848
255 421 4294968864
255 424 4294968880
255 434 4294968896
255 472 4294968912
255 545 4294968928
255 607 4294968944
255 712 4294968960
256 4 4294968976
256 30 4294968992
256 51 4294969008
256 62 4294969024
256 81 4294969040
256 82 4294969056
256 87 4294969072
256 105 4294969088
256 106 4294969104
256 107 4294969120
256 114 4294969136
256 115 4294969152
256 121 4294969168
256 128 4294969184
256 132 4294969200
256 133 4294969216
256 152 4294969232
256 154 4294969248
256 165 4294969264
256 169 4294969280
256 170 4294969296
256 183 4294969312
256 186 4294969328
256 191 4294969344
256 210 4294969360
256 211 4294969376
256 212 4294969392
256 234 4294969408
256 249 4294969424
256 256 4294969440
256 263 4294969456
256 280 4294969472
256 283 4294969488
256 296 4294969504
256 304 4294969520
256 318 4294969536
256 338 4294969552
256 355 4294969568
256 356 4294969584
256 357 4294969600
256 365 4294969616
256 405 4294969632
256 425 4294969648
256 474 4294969664
256 489 4294969680
256 493 4294969696
256 495 4294969712
256 518 4294969728
256 531 4294969744
256 557 4294969760
256 705 4294969776
256 820 4294969792
257 130 4294969808
257 167 4294969824
257 180 4294969840
257 183 4294969856
257 231 4294969872
257 278 4294969888
257 284 4294969904
257 401 4294969920
257 426 4294969936
257 450 4294969952
257 526 4294969968
257 543 4294969984
257 544 4294970000
257 568 4294970016
258 16 4294970032
258 18 4294970048
258 22 4294970064
258 27 4294970080
258 62 4294970096
258 66 4294970112
258 90 4294970128
258 91 4294970144
258 105 4294970160
258 107 4294970176
258 108 4294970192
258 110 4294970208
258 111 4294970224
258 112 4294970240
258 132 4294970256
258 142 4294970272
258 143 4294970288
258 152 4294970304
258 160 4294970320
258 165 4294970336
258 183 4294970352
258 198 4294970368
258 199 4294970384
258 211 4294970400
258 249 4294970416
258 256 4294970432
258 258 4294970448
258 282 4294970464
258 328 4294970480
258 329 4294970496
258 347 4294970512
258 356 4294970528
258 357 4294970544
258 365 4294970560
258 375 4294970576
258 402 4294970592
258 410 4294970608
258 417 4294970624
258 421 4294970640
258 424 4294970656
258 434 4294970672
258 454 4294970688
258 468 4294970704
258 469 4294970720
258 474 4294970736
258 476 4294970752
258 477 4294970768
258 478 4294970784
258 559 4294970800
258 831 4294970816
258 1003 4294970832
259 20 4294970848
259 21 4294970864
259 69 4294970880
259 72 4294970896
259 73 4294970912
259 74 4294970928
259 83 4294970944
259 86 4294970960
259 89 4294970976
259 92 4294970992
259 106 4294971008
259 127 4294971024
259 173 4294971040
259 248 4294971056
259 259 4294971072
259 260 4294971088
259 297 4294971104
259 327 4294971120
259 400 4294971136
259 508 4294971152
259 509 4294971168
259 536 4294971184
259 728 4294971200
259 777 4294971216
259 818 4294971232
260 69 4294971248
260 74 4294971264
260 89 4294971280
260 93 4294971296
260 173 4294971312
260 248 4294971328
260 259 4294971344
260 260 4294971360
260 297 4294971376
260 311 4294971392
260 325 4294971408
260 331 4294971424
260 336 4294971440
260 400 4294971456
260 508 4294971472
260 509 4294971488
260 728 4294971504
260 950 4294971520
261 27 4294971536
261 28 4294971552
261 29 4294971568
261 30 4294971584
261 32 4294971600
261 35 4294971616
261 48 4294971632
261 51 4294971648
261 75 4294971664
261 82 4294971680
261 96 4294971696
261 115 4294971712
261 116 4294971728
261 119 4294971744
261 121 4294971760
261 151 4294971776
261 160 4294971792
261 165 4294971808
261 170 4294971824
261 171 4294971840
261 261 4294971856
261 367 4294971872
261 427 4294971888
261 438 4294971904
261 455 4294971920
261 470 4294971936
261 494 4294971952
261 655 4294971968
261 753 4294971984
261 980 4294972000
261 986 4294972016
262 62 4294972032
262 100 4294972048
262 122 4294972064
262 148 4294972080
262 160 4294972096
262 179 4294972112
262 180 4294972128
262 191 4294972144
262 215 4294972160
262 231 4294972176
262 262 4294972192
262 278 4294972208
262 301 4294972224
262 344 4294972240
262 347 4294972256
262 349 4294972272
262 376 4294972288
262 377 4294972304
262 402 4294972320
262 656 4294972336
262 814 4294972352
262 903 4294972368
262 907 4294972384
263 16 4294972400
263 29 4294972416
263 47 4294972432
263 48 4294972448
263 62 4294972464
263 76 4294972480
263 82 4294972496
263 86 4294972512
263 96 4294972528
263 113 4294972544
263 114 4294972560
263 115 4294972576
263 116 4294972592
263 121 4294972608
263 151 4294972624
263 160 4294972640
263 168 4294972656
263 169 4294972672
263 171 4294972688
263 232 4294972704
263 245 4294972720
263 263 4294972736
263 274 4294972752
263 280 4294972768
263 283 4294972784
263 290 4294972800
263 301 4294972816
263 303 4294972832
263 318 4294972848
263 333 4294972864
263 338 4294972880
263 361 4294972896
263 367 4294972912
263 405 4294972928
263 411 4294972944
263 417 4294972960
263 419 4294972976
263 423 4294972992
263 426 4294973008
263 438 4294973024
263 442 4294973040
263 443 4294973056
263 444 4294973072
263 455 4294973088
263 485 4294973104
263 486 4294973120
263 527 4294973136
263 531 4294973152
263 547 4294973168
263 686 4294973184
263 847 4294973200
263 897 4294973216
263 919 4294973232
263 925 4294973248
263 976 4294973264
263 981 4294973280
264 7 4294973296
264 9 4294973312
264 12 4294973328
264 19 4294973344
264 61 4294973360
264 141 4294973376
264 160 4294973392
264 161 4294973408
264 213 4294973424
264 232 4294973440
264 247 4294973456
264 264 4294973472
264 265 4294973488
264 266 4294973504
264 267 4294973520
264 358 4294973536
264 359 4294973552
264 406 4294973568
264 440 4294973584
264 441 4294973600
264 452 4294973616
264 498 4294973632
264 499 4294973648
264 500 4294973664
264 510 4294973680
264 533 4294973696
264 569 4294973712
264 570 4294973728
264 608 4294973744
264 661 4294973760
264 700 4294973776
264 707 4294973792
264 804 4294973808
264 823 4294973824
264 856 4294973840
265 7 4294973856
265 8 4294973872
265 9 4294973888
265 11 4294973904
265 12 4294973920
265 19 4294973936
265 61 4294973952
265 141 4294973968
265 161 4294973984
265 213 4294974000
265 232 4294974016
265 264 4294974032
265 265 4294974048
265 266 4294974064
265 267 4294974080
265 359 4294974096
265 360 4294974112
265 407 4294974128
265 451 4294974144
265 452 4294974160
265 498 4294974176
265 500 4294974192
265 503 4294974208
265 525 4294974224
265 529 4294974240
265 533 4294974256
265 555 4294974272
265 570 4294974288
265 608 4294974304
265 661 4294974320
265 674 4294974336
265 707 4294974352
265 804 4294974368
265 823 4294974384
265 856 4294974400
265 957 4294974416
266 7 4294974432
266 9 4294974448
266 11 4294974464
266 12 4294974480
266 61 4294974496
266 141 4294974512
266 213 4294974528
266 232 4294974544
266 264 4294974560
266 265 4294974576
266 266 4294974592
266 267 4294974608
266 324 4294974624
266 358 4294974640
266 407 4294974656
266 440 4294974672
266 441 4294974688
266 466 4294974704
266 498 4294974720
266 500 4294974736
266 525 4294974752
266 533 4294974768
266 555 4294974784
266 565 4294974800
266 608 4294974816
266 720 4294974832
266 754 4294974848
266 804 4294974864
266 950 4294974880
267 12 4294974896
267 19 4294974912
267 61 4294974928
267 264 4294974944
267 265 4294974960
267 266 4294974976
267 267 4294974992
267 498 4294975008
267 570 4294975024
267 608 4294975040
268 1 4294975056
268 19 4294975072
268 73 4294975088
268 74 4294975104
268 106 4294975120
268 160 4294975136
268 212 4294975152
268 215 4294975168
268 218 4294975184
268 221 4294975200
268 222 4294975216
268 223 4294975232
268 227 4294975248
268 248 4294975264
268 295 4294975280
268 300 4294975296
268 301 4294975312
268 309 4294975328
268 311 4294975344
268 313 4294975360
268 316 4294975376
268 340 4294975392
268 405 4294975408
268 419 4294975424
268 421 4294975440
268 459 4294975456
268 494 4294975472
268 537 4294975488
268 549 4294975504
268 934 4294975520
269 5 4294975536
269 15 4294975552
269 16 4294975568
269 45 4294975584
269 46 4294975600
269 63 4294975616
269 64 4294975632
269 105 4294975648
269 107 4294975664
269 121 4294975680
269 139 4294975696
269 140 4294975712
269 142 4294975728
269 145 4294975744
269 154 4294975760
269 155 4294975776
269 164 4294975792
269 166 4294975808
269 174 4294975824
269 210 4294975840
269 211 4294975856
269 212 4294975872
269 216 4294975888
269 236 4294975904
269 254 4294975920
269 256 4294975936
269 269 4294975952
269 272 4294975968
269 273 4294975984
269 274 4294976000
269 282 4294976016
269 288 4294976032
269 301 4294976048
269 303 4294976064
269 322 4294976080
269 334 4294976096
269 335 4294976112
269 365 4294976128
269 371 4294976144
269 404 4294976160
269 420 4294976176
269 422 4294976192
269 424 4294976208
269 428 4294976224
269 429 4294976240
269 434 4294976256
269 446 4294976272
269 447 4294976288
269 448 4294976304
269 461 4294976320
269 473 4294976336
269 513 4294976352
269 533 4294976368
269 579 4294976384
269 592 4294976400
269 615 4294976416
269 617 4294976432
269 643 4294976448
269 644 4294976464
269 657 4294976480
269 820 4294976496
269 929 4294976512
269 932 4294976528
269 933 4294976544
270 28 4294976560
270 129 4294976576
270 183 4294976592
270 278 4294976608
270 280 4294976624
270 486 4294976640
270 611 4294976656
271 2 4294976672
271 3 4294976688
271 4 4294976704
271 10 4294976720
271 13 4294976736
271 45 4294976752
271 46 4294976768
271 54 4294976784
271 55 4294976800
271 56 4294976816
271 57 4294976832
271 58 4294976848
271 63 4294976864
271 64 4294976880
271 80 4294976896
271 131 4294976912
271 132 4294976928
271 137 4294976944
271 142 4294976960
271 145 4294976976
271 152 4294976992
271 183 4294977008
271 192 4294977024
271 209 4294977040
271 210 4294977056
271 211 4294977072
271 243 4294977088
271 252 4294977104
271 256 4294977120
271 271 4294977136
271 272 4294977152
271 273 4294977168
271 281 4294977184
271 282 4294977200
271 283 4294977216
271 285 4294977232
271 301 4294977248
271 303 4294977264
271 305 4294977280
271 323 4294977296
271 366 4294977312
271 400 4294977328
271 408 4294977344
271 411 4294977360
271 412 4294977376
271 448 4294977392
271 470 4294977408
271 481 4294977424
271 513 4294977440
271 518 4294977456
271 528 4294977472
271 552 4294977488
271 698 4294977504
271 717 4294977520
271 737 4294977536
271 738 4294977552
271 809 4294977568
271 859 4294977584
271 949 4294977600
272 3 4294977616
272 6 4294977632
272 15 4294977648
272 21 4294977664
272 45 4294977680
272 46 4294977696
272 63 4294977712
272 84 4294977728
272 137 4294977744
272 140 4294977760
272 164 4294977776
272 183 4294977792
272 186 4294977808
272 216 4294977824
272 269 4294977840
272 271 4294977856
272 272 4294977872
272 273 4294977888
272 274 4294977904
272 290 4294977920
272 309 4294977936
272 310 4294977952
272 334 4294977968
272 409 4294977984
272 428 4294978000
272 429 4294978016
272 446 4294978032
272 447 4294978048
272 448 4294978064
272 462 4294978080
272 563 4294978096
272 584 4294978112
272 592 4294978128
272 612 4294978144
272 617 4294978160
272 651 4294978176
272 710 4294978192
272 812 4294978208
273 2 4294978224
273 4 4294978240
273 15 4294978256
273 45 4294978272
273 46 4294978288
273 139 4294978304
273 140 4294978320
273 164 4294978336
273 209 4294978352
273 216 4294978368
273 269 4294978384
273 271 4294978400
273 272 4294978416
273 273 4294978432
273 274 4294978448
273 301 4294978464
273 322 4294978480
273 428 4294978496
273 429 4294978512
273 447 4294978528
273 448 4294978544
273 461 4294978560
273 579 4294978576
273 812 4294978592
273 819 4294978608
274 15 4294978624
274 21 4294978640
274 45 4294978656
274 46 4294978672
274 139 4294978688
274 140 4294978704
274 269 4294978720
274 592 4294978736
275 60 4294978752
275 65 4294978768
275 86 4294978784
275 123 4294978800
275 129 4294978816
275 160 4294978832
275 168 4294978848
275 172 4294978864
275 176 4294978880
275 177 4294978896
275 178 4294978912
275 200 4294978928
275 226 4294978944
275 232 4294978960
275 275 4294978976
275 276 4294978992
275 368 4294979008
275 413 4294979024
275 426 4294979040
275 440 4294979056
275 450 4294979072
275 458 4294979088
275 479 4294979104
275 493 4294979120
275 511 4294979136
275 515 4294979152
275 526 4294979168
275 542 4294979184
275 562 4294979200
275 789 4294979216
275 813 4294979232
275 840 4294979248
276 276 4294979264
276 426 4294979280
277 14 4294979296
277 130 4294979312
277 167 4294979328
277 180 4294979344
277 203 4294979360
277 206 4294979376
277 214 4294979392
277 231 4294979408
277 232 4294979424
277 277 4294979440
277 280 4294979456
277 284 4294979472
277 289 4294979488
277 296 4294979504
277 515 4294979520
277 621 4294979536
278 13 4294979552
278 28 4294979568
278 106 4294979584
278 121 4294979600
278 128 4294979616
278 129 4294979632
278 130 4294979648
278 149 4294979664
278 157 4294979680
278 160 4294979696
278 168 4294979712
278 179 4294979728
278 180 4294979744
278 183 4294979760
278 191 4294979776
278 214 4294979792
278 256 4294979808
278 257 4294979824
278 262 4294979840
278 278 4294979856
278 284 4294979872
278 292 4294979888
278 301 4294979904
278 342 4294979920
278 343 4294979936
278 345 4294979952
278 347 4294979968
278 351 4294979984
278 363 4294980000
278 365 4294980016
278 420 4294980032
278 486 4294980048
278 493 4294980064
278 495 4294980080
278 611 4294980096
278 621 4294980112
278 681 4294980128
278 722 4294980144
278 789 4294980160
278 908 4294980176
279 62 4294980192
279 82 4294980208
279 107 4294980224
279 118 4294980240
279 160 4294980256
279 279 4294980272
279 333 4294980288
280 1 4294980304
280 13 4294980320
280 14 4294980336
280 18 4294980352
280 21 4294980368
280 41 4294980384
280 42 4294980400
280 47 4294980416
280 51 4294980432
280 53 4294980448
280 62 4294980464
280 81 4294980480
280 82 4294980496
280 83 4294980512
280 86 4294980528
280 87 4294980544
280 95 4294980560
280 107 4294980576
280 113 4294980592
280 114 4294980608
280 115 4294980624
280 116 4294980640
280 121 4294980656
280 128 4294980672
280 129 4294980688
280 130 4294980704
280 133 4294980720
280 148 4294980736
280 160 4294980752
280 165 4294980768
280 167 4294980784
280 168 4294980800
280 169 4294980816
280 170 4294980832
280 172 4294980848
280 179 4294980864
280 181 4294980880
280 196 4294980896
280 199 4294980912
280 201 4294980928
280 203 4294980944
280 204 4294980960
280 206 4294980976
280 214 4294980992
280 219 4294981008
280 221 4294981024
280 228 4294981040
280 231 4294981056
280 232 4294981072
280 249 4294981088
280 256 4294981104
280 263 4294981120
280 270 4294981136
280 278 4294981152
280 280 4294981168
280 283 4294981184
280 284 4294981200
280 289 4294981216
280 290 4294981232
280 291 4294981248
280 292 4294981264
280 294 4294981280
280 296 4294981296
280 303 4294981312
280 333 4294981328
280 340 4294981344
280 342 4294981360
280 351 4294981376
280 363 4294981392
280 367 4294981408
280 377 4294981424
280 388 4294981440
280 409 4294981456
280 419 4294981472
280 420 4294981488
280 424 4294981504
280 426 4294981520
280 434 4294981536
280 440 4294981552
280 450 4294981568
280 464 4294981584
280 473 4294981600
280 483 4294981616
280 493 4294981632
280 494 4294981648
280 515 4294981664
280 523 4294981680
280 572 4294981696
280 574 4294981712
280 575 4294981728
280 655 4294981744
280 734 4294981760
280 813 4294981776
280 820 4294981792
280 922 4294981808
281 2 4294981824
281 3 4294981840
281 4 4294981856
281 5 4294981872
281 6 4294981888
281 13 4294981904
281 16 4294981920
281 54 4294981936
281 56 4294981952
281 57 4294981968
281 58 4294981984
281 59 4294982000
281 62 4294982016
281 63 4294982032
281 64 4294982048
281 82 4294982064
281 105 4294982080
281 107 4294982096
281 121 4294982112
281 131 4294982128
281 137 4294982144
281 160 4294982160
281 164 4294982176
281 174 4294982192
281 183 4294982208
281 194 4294982224
281 195 4294982240
281 208 4294982256
281 211 4294982272
281 252 4294982288
281 271 4294982304
281 281 4294982320
281 286 4294982336
281 301 4294982352
281 305 4294982368
281 333 4294982384
281 408 4294982400
281 411 4294982416
281 412 4294982432
281 424 4294982448
281 481 4294982464
281 494 4294982480
281 520 4294982496
281 552 4294982512
281 571 4294982528
281 615 4294982544
281 683 4294982560
281 685 4294982576
281 698 4294982592
281 718 4294982608
281 738 4294982624
281 845 4294982640
281 859 4294982656
281 880 4294982672
281 932 4294982688
281 949 4294982704
281 990 4294982720
282 4 4294982736
282 10 4294982752
282 16 4294982768
282 17 4294982784
282 20 4294982800
282 28 4294982816
282 31 4294982832
282 35 4294982848
282 41 4294982864
282 45 4294982880
282 58 4294982896
282 62 4294982912
282 64 4294982928
282 65 4294982944
282 68 4294982960
282 74 4294982976
282 77 4294982992
282 79 4294983008
282 80 4294983024
282 83 4294983040
282 84 4294983056
282 87 4294983072
282 105 4294983088
282 106 4294983104
282 107 4294983120
282 115 4294983136
282 121 4294983152
282 129 4294983168
282 131 4294983184
282 132 4294983200
282 139 4294983216
282 142 4294983232
282 153 4294983248
282 160 4294983264
282 163 4294983280
282 166 4294983296
282 170 4294983312
282 173 4294983328
282 174 4294983344
282 183 4294983360
282 184 4294983376
282 188 4294983392
282 190 4294983408
282 191 4294983424
282 196 4294983440
282 209 4294983456
282 210 4294983472
282 212 4294983488
282 218 4294983504
282 221 4294983520
282 222 4294983536
282 223 4294983552
282 225 4294983568
282 226 4294983584
282 233 4294983600
282 234 4294983616
282 248 4294983632
282 249 4294983648
282 252 4294983664
282 253 4294983680
282 254 4294983696
282 255 4294983712
282 256 4294983728
282 258 4294983744
282 268 4294983760
282 269 4294983776
282 280 4294983792
282 283 4294983808
282 288 4294983824
282 290 4294983840
282 311 4294983856
282 318 4294983872
282 333 4294983888
282 340 4294983904
282 355 4294983920
282 356 4294983936
282 357 4294983952
282 366 4294983968
282 371 4294983984
282 373 4294984000
282 375 4294984016
282 393 4294984032
282 401 4294984048
282 404 4294984064
282 405 4294984080
282 411 4294984096
282 420 4294984112
282 424 4294984128
282 427 4294984144
282 434 4294984160
282 441 4294984176
282 464 4294984192
282 474 4294984208
282 493 4294984224
282 494 4294984240
282 509 4294984256
282 518 4294984272
282 531 4294984288
282 533 4294984304
282 546 4294984320
282 559 4294984336
282 560 4294984352
282 572 4294984368
282 586 4294984384
282 588 4294984400
282 589 4294984416
282 597 4294984432
282 612 4294984448
282 641 4294984464
282 662 4294984480
282 665 4294984496
282 687 4294984512
282 812 4294984528
282 820 4294984544
282 856 4294984560
282 880 4294984576
282 932 4294984592
283 0 4294984608
283 2 4294984624
283 3 4294984640
283 4 4294984656
283 5 4294984672
283 14 4294984688
283 16 4294984704
283 21 4294984720
283 28 4294984736
283 44 4294984752
283 46 4294984768
283 51 4294984784
283 58 4294984800
283 60 4294984816
283 61 4294984832
283 62 4294984848
283 63 4294984864
283 81 4294984880
283 82 4294984896
283 83 4294984912
283 86 4294984928
283 103 4294984944
283 104 4294984960
283 105 4294984976
283 106 4294984992
283 107 4294985008
283 114 4294985024
283 121 4294985040
283 125 4294985056
283 128 4294985072
283 129 4294985088
283 131 4294985104
283 132 4294985120
283 133 4294985136
283 137 4294985152
283 142 4294985168
283 152 4294985184
283 153 4294985200
283 160 4294985216
283 162 4294985232
283 166 4294985248
283 169 4294985264
283 174 4294985280
283 181 4294985296
283 187 4294985312
283 201 4294985328
283 210 4294985344
283 211 4294985360
283 215 4294985376
283 221 4294985392
283 234 4294985408
283 249 4294985424
283 252 4294985440
283 253 4294985456
283 254 4294985472
283 255 4294985488
283 256 4294985504
283 263 4294985520
283 280 4294985536
283 282 4294985552
283 283 4294985568
283 288 4294985584
283 290 4294985600
283 295 4294985616
283 296 4294985632
283 303 4294985648
283 308 4294985664
283 314 4294985680
283 318 4294985696
283 320 4294985712
283 321 4294985728
283 329 4294985744
283 333 4294985760
283 355 4294985776
283 356 4294985792
283 365 4294985808
283 366 4294985824
283 367 4294985840
283 368 4294985856
283 371 4294985872
283 372 4294985888
283 373 4294985904
283 376 4294985920
283 377 4294985936
283 378 4294985952
283 379 4294985968
283 380 4294985984
283 388 4294986000
283 389 4294986016
283 390 4294986032
283 392 4294986048
283 393 4294986064
283 394 4294986080
283 395 4294986096
283 405 4294986112
283 411 4294986128
283 420 4294986144
283 424 4294986160
283 426 4294986176
283 434 4294986192
283 453 4294986208
283 492 4294986224
283 493 4294986240
283 494 4294986256
283 495 4294986272
283 518 4294986288
283 548 4294986304
283 560 4294986320
283 577 4294986336
283 589 4294986352
283 594 4294986368
283 601 4294986384
283 693 4294986400
283 726 4294986416
283 752 4294986432
283 758 4294986448
283 820 4294986464
283 932 4294986480
284 1 4294986496
284 5 4294986512
284 6 4294986528
284 14 4294986544
284 107 4294986560
284 130 4294986576
284 133 4294986592
284 149 4294986608
284 155 4294986624
284 157 4294986640
284 160 4294986656
284 167 4294986672
284 168 4294986688
284 174 4294986704
284 180 4294986720
284 191 4294986736
284 203 4294986752
284 206 4294986768
284 214 4294986784
284 231 4294986800
284 232 4294986816
284 255 4294986832
284 257 4294986848
284 277 4294986864
284 278 4294986880
284 280 4294986896
284 284 4294986912
284 292 4294986928
284 296 4294986944
284 301 4294986960
284 342 4294986976
284 351 4294986992
284 377 4294987008
284 472 4294987024
284 511 4294987040
284 621 4294987056
284 642 4294987072
284 681 4294987088
284 734 4294987104
284 749 4294987120
285 2 4294987136
285 4 4294987152
285 5 4294987168
285 15 4294987184
285 54 4294987200
285 55 4294987216
285 57 4294987232
285 58 4294987248
285 62 4294987264
285 63 4294987280
285 65 4294987296
285 83 4294987312
285 88 4294987328
285 89 4294987344
285 96 4294987360
285 105 4294987376
285 107 4294987392
285 129 4294987408
285 131 4294987424
285 132 4294987440
285 137 4294987456
285 138 4294987472
285 155 4294987488
285 160 4294987504
285 164 4294987520
285 166 4294987536
285 168 4294987552
285 172 4294987568
285 174 4294987584
285 183 4294987600
285 208 4294987616
285 209 4294987632
285 211 4294987648
285 252 4294987664
285 254 4294987680
285 271 4294987696
285 281 4294987712
285 285 4294987728
285 286 4294987744
285 301 4294987760
285 302 4294987776
285 303 4294987792
285 304 4294987808
285 305 4294987824
285 371 4294987840
285 379 4294987856
285 401 4294987872
285 408 4294987888
285 411 4294987904
285 412 4294987920
285 420 4294987936
285 425 4294987952
285 426 4294987968
285 457 4294987984
285 458 4294988000
285 481 4294988016
285 520 4294988032
285 532 4294988048
285 533 4294988064
285 552 4294988080
285 562 4294988096
285 571 4294988112
285 586 4294988128
285 625 4294988144
285 683 4294988160
285 698 4294988176
285 738 4294988192
285 774 4294988208
285 806 4294988224
285 809 4294988240
285 812 4294988256
285 840 4294988272
285 854 4294988288
285 921 4294988304
285 949 4294988320
285 990 4294988336
286 2 4294988352
286 3 4294988368
286 4 4294988384
286 6 4294988400
286 56 4294988416
286 57 4294988432
286 58 4294988448
286 59 4294988464
286 63 4294988480
286 80 4294988496
286 126 4294988512
286 129 4294988528
286 137 4294988544
286 138 4294988560
286 174 4294988576
286 183 4294988592
286 211 4294988608
286 252 4294988624
286 285 4294988640
286 286 4294988656
286 303 4294988672
286 305 4294988688
286 329 4294988704
286 408 4294988720
286 410 4294988736
286 411 4294988752
286 412 4294988768
286 481 4294988784
286 520 4294988800
286 532 4294988816
286 571 4294988832
286 738 4294988848
286 815 4294988864
286 859 4294988880
286 880 4294988896
287 20 4294988912
287 21 4294988928
287 68 4294988944
287 69 4294988960
287 80 4294988976
287 81 4294988992
287 92 4294989008
287 106 4294989024
287 160 4294989040
287 162 4294989056
287 184 4294989072
287 189 4294989088
287 298 4294989104
287 299 4294989120
287 418 4294989136
287 494 4294989152
287 536 4294989168
288 19 4294989184
288 58 4294989200
288 70 4294989216
288 71 4294989232
288 83 4294989248
288 84 4294989264
288 104 4294989280
288 105 4294989296
288 152 4294989312
288 162 4294989328
288 199 4294989344
288 212 4294989360
288 217 4294989376
288 233 4294989392
288 252 4294989408
288 282 4294989424
288 283 4294989440
288 288 4294989456
288 295 4294989472
288 296 4294989488
288 333 4294989504
288 371 4294989520
288 431 4294989536
288 432 4294989552
288 433 4294989568
288 434 4294989584
288 549 4294989600
288 571 4294989616
288 613 4294989632
288 654 4294989648
288 756 4294989664
288 758 4294989680
290 6 4294989696
290 14 4294989712
290 16 4294989728
290 62 4294989744
290 64 4294989760
290 65 4294989776
290 79 4294989792
290 83 4294989808
290 86 4294989824
290 87 4294989840
290 99 4294989856
290 106 4294989872
290 107 4294989888
290 108 4294989904
290 114 4294989920
290 121 4294989936
290 128 4294989952
290 129 4294989968
290 130 4294989984
290 143 4294990000
290 145 4294990016
290 160 4294990032
290 165 4294990048
290 166 4294990064
290 167 4294990080
290 168 4294990096
290 184 4294990112
290 198 4294990128
290 206 4294990144
290 210 4294990160
290 211 4294990176
290 231 4294990192
290 256 4294990208
290 263 4294990224
290 272 4294990240
290 280 4294990256
290 282 4294990272
290 283 4294990288
290 290 4294990304
290 294 4294990320
290 295 4294990336
290 301 4294990352
290 329 4294990368
290 340 4294990384
290 356 4294990400
290 357 4294990416
290 405 4294990432
290 419 4294990448
290 424 4294990464
290 426 4294990480
290 437 4294990496
290 484 4294990512
290 493 4294990528
290 494 4294990544
290 531 4294990560
290 546 4294990576
290 563 4294990592
290 567 4294990608
290 568 4294990624
290 572 4294990640
290 584 4294990656
290 620 4294990672
290 643 4294990688
290 694 4294990704
290 706 4294990720
290 822 4294990736
291 14 4294990752
291 93 4294990768
291 129 4294990784
291 133 4294990800
291 142 4294990816
291 168 4294990832
291 181 4294990848
291 203 4294990864
291 206 4294990880
291 232 4294990896
291 256 4294990912
291 257 4294990928
291 280 4294990944
291 290 4294990960
291 291 4294990976
291 294 4294990992
291 346 4294991008
291 420 4294991024
291 450 4294991040
291 458 4294991056
291 464 4294991072
291 493 4294991088
291 542 4294991104
291 543 4294991120
292 62 4294991136
292 83 4294991152
292 129 4294991168
292 133 4294991184
292 168 4294991200
292 176 4294991216
292 231 4294991232
292 232 4294991248
292 280 4294991264
292 284 4294991280
292 292 4294991296
292 377 4294991312
292 426 4294991328
292 450 4294991344
292 484 4294991360
292 486 4294991376
292 493 4294991392
292 515 4294991408
292 523 4294991424
292 543 4294991440
292 611 4294991456
292 822 4294991472
292 950 4294991488
292 1000 4294991504
293 8 4294991520
293 11 4294991536
293 19 4294991552
293 44 4294991568
293 141 4294991584
293 293 4294991600
293 360 4294991616
293 365 4294991632
293 374 4294991648
293 504 4294991664
293 506 4294991680
293 525 4294991696
293 530 4294991712
293 661 4294991728
293 754 4294991744
293 765 4294991760
293 856 4294991776
294 129 4294991792
294 203 4294991808
294 206 4294991824
294 214 4294991840
294 232 4294991856
294 280 4294991872
294 290 4294991888
294 291 4294991904
294 294 4294991920
294 301 4294991936
294 342 4294991952
294 346 4294991968
294 377 4294991984
294 457 4294992000
294 493 4294992016
294 526 4294992032
294 543 4294992048
294 572 4294992064
295 16 4294992080
295 18 4294992096
295 60 4294992112
295 61 4294992128
295 62 4294992144
295 82 4294992160
295 86 4294992176
295 103 4294992192
295 104 4294992208
295 106 4294992224
295 107 4294992240
295 142 4294992256
295 150 4294992272
295 157 4294992288
295 162 4294992304
295 172 4294992320
295 179 4294992336
295 181 4294992352
295 182 4294992368
295 210 4294992384
295 215 4294992400
295 250 4294992416
295 255 4294992432
295 268 4294992448
295 276 4294992464
295 283 4294992480
295 288 4294992496
295 290 4294992512
295 292 4294992528
295 295 4294992544
295 296 4294992560
295 308 4294992576
295 311 4294992592
295 313 4294992608
295 314 4294992624
295 317 4294992640
295 320 4294992656
295 321 4294992672
295 331 4294992688
295 341 4294992704
295 368 4294992720
295 376 4294992736
295 377 4294992752
295 378 4294992768
295 379 4294992784
295 380 4294992800
295 381 4294992816
295 382 4294992832
295 383 4294992848
