806 88 6979321856
806 89 6979321872
806 285 6979321888
806 304 6979321904
806 806 6979321920
806 809 6979321936
808 808 6979321952
809 2 6979321968
809 4 6979321984
809 5 6979322000
809 13 6979322016
809 54 6979322032
809 55 6979322048
809 56 6979322064
809 57 6979322080
809 58 6979322096
809 59 6979322112
809 63 6979322128
809 88 6979322144
809 89 6979322160
809 107 6979322176
809 131 6979322192
809 132 6979322208
809 137 6979322224
809 138 6979322240
809 160 6979322256
809 174 6979322272
809 208 6979322288
809 211 6979322304
809 252 6979322320
809 271 6979322336
809 285 6979322352
809 301 6979322368
809 302 6979322384
809 304 6979322400
809 305 6979322416
809 411 6979322432
809 412 6979322448
809 465 6979322464
809 481 6979322480
809 519 6979322496
809 552 6979322512
809 685 6979322528
809 698 6979322544
809 707 6979322560
809 738 6979322576
809 806 6979322592
809 809 6979322608
809 826 6979322624
809 949 6979322640
810 87 6979322656
810 88 6979322672
810 180 6979322688
810 210 6979322704
810 222 6979322720
810 244 6979322736
810 269 6979322752
810 296 6979322768
810 301 6979322784
810 393 6979322800
810 420 6979322816
810 471 6979322832
810 511 6979322848
810 520 6979322864
810 560 6979322880
810 597 6979322896
811 28 6979322912
811 77 6979322928
811 340 6979322944
811 497 6979322960
811 531 6979322976
812 2 6979322992
812 3 6979323008
812 4 6979323024
812 45 6979323040
812 46 6979323056
812 54 6979323072
812 57 6979323088
812 58 6979323104
812 59 6979323120
812 63 6979323136
812 83 6979323152
812 87 6979323168
812 102 6979323184
812 107 6979323200
812 115 6979323216
812 126 6979323232
812 137 6979323248
812 140 6979323264
812 142 6979323280
812 160 6979323296
812 193 6979323312
812 208 6979323328
812 209 6979323344
812 215 6979323360
812 217 6979323376
812 252 6979323392
812 272 6979323408
812 273 6979323424
812 282 6979323440
812 285 6979323456
812 298 6979323472
812 366 6979323488
812 373 6979323504
812 412 6979323520
812 428 6979323536
812 434 6979323552
812 447 6979323568
812 448 6979323584
812 461 6979323600
812 520 6979323616
812 601 6979323632
812 635 6979323648
812 665 6979323664
812 685 6979323680
812 803 6979323696
812 812 6979323712
812 826 6979323728
812 859 6979323744
812 877 6979323760
812 880 6979323776
812 932 6979323792
812 950 6979323808
812 971 6979323824
812 990 6979323840
812 991 6979323856
813 93 6979323872
813 129 6979323888
813 168 6979323904
813 172 6979323920
813 275 6979323936
813 280 6979323952
813 399 6979323968
813 403 6979323984
813 413 6979324000
813 434 6979324016
813 440 6979324032
813 450 6979324048
813 458 6979324064
813 515 6979324080
813 526 6979324096
813 534 6979324112
813 543 6979324128
813 544 6979324144
813 585 6979324160
813 600 6979324176
813 623 6979324192
813 714 6979324208
813 817 6979324224
813 836 6979324240
814 52 6979324256
814 58 6979324272
814 262 6979324288
814 347 6979324304
815 5 6979324320
815 57 6979324336
815 63 6979324352
815 64 6979324368
815 80 6979324384
815 92 6979324400
815 137 6979324416
815 138 6979324432
815 174 6979324448
815 194 6979324464
815 208 6979324480
815 286 6979324496
815 305 6979324512
815 520 6979324528
815 685 6979324544
815 815 6979324560
815 859 6979324576
815 880 6979324592
816 116 6979324608
816 119 6979324624
816 151 6979324640
816 165 6979324656
816 170 6979324672
816 336 6979324688
816 470 6979324704
816 753 6979324720
816 816 6979324736
816 987 6979324752
817 515 6979324768
817 544 6979324784
817 817 6979324800
818 62 6979324816
818 86 6979324832
818 92 6979324848
818 189 6979324864
818 259 6979324880
818 301 6979324896
818 339 6979324912
818 440 6979324928
818 533 6979324944
820 5 6979324960
820 13 6979324976
820 15 6979324992
820 16 6979325008
820 23 6979325024
820 28 6979325040
820 30 6979325056
820 41 6979325072
820 42 6979325088
820 44 6979325104
820 47 6979325120
820 51 6979325136
820 52 6979325152
820 53 6979325168
820 62 6979325184
820 63 6979325200
820 64 6979325216
820 79 6979325232
820 82 6979325248
820 85 6979325264
820 86 6979325280
820 87 6979325296
820 93 6979325312
820 94 6979325328
820 95 6979325344
820 100 6979325360
820 105 6979325376
820 106 6979325392
820 107 6979325408
820 114 6979325424
820 115 6979325440
820 121 6979325456
820 123 6979325472
820 128 6979325488
820 129 6979325504
820 133 6979325520
820 136 6979325536
820 142 6979325552
820 143 6979325568
820 150 6979325584
820 154 6979325600
820 159 6979325616
820 160 6979325632
820 162 6979325648
820 165 6979325664
820 166 6979325680
820 167 6979325696
820 168 6979325712
820 169 6979325728
820 171 6979325744
820 172 6979325760
820 179 6979325776
820 180 6979325792
820 183 6979325808
820 196 6979325824
820 197 6979325840
820 198 6979325856
820 199 6979325872
820 200 6979325888
820 201 6979325904
820 202 6979325920
820 203 6979325936
820 204 6979325952
820 205 6979325968
820 206 6979325984
820 207 6979326000
820 208 6979326016
820 212 6979326032
820 215 6979326048
820 231 6979326064
820 232 6979326080
820 243 6979326096
820 249 6979326112
820 256 6979326128
820 280 6979326144
820 283 6979326160
820 301 6979326176
820 327 6979326192
820 336 6979326208
820 342 6979326224
820 343 6979326240
820 346 6979326256
820 362 6979326272
820 365 6979326288
820 366 6979326304
820 412 6979326320
820 420 6979326336
820 421 6979326352
820 422 6979326368
820 424 6979326384
820 434 6979326400
820 443 6979326416
820 445 6979326432
820 464 6979326448
820 482 6979326464
820 483 6979326480
820 486 6979326496
820 493 6979326512
820 533 6979326528
820 544 6979326544
820 546 6979326560
820 581 6979326576
820 593 6979326592
820 618 6979326608
820 644 6979326624
820 654 6979326640
820 749 6979326656
820 751 6979326672
820 776 6979326688
820 801 6979326704
820 820 6979326720
820 856 6979326736
820 908 6979326752
820 917 6979326768
820 918 6979326784
820 932 6979326800
820 950 6979326816
820 955 6979326832
820 970 6979326848
820 974 6979326864
821 160 6979326880
821 163 6979326896
822 53 6979326912
822 86 6979326928
822 280 6979326944
822 290 6979326960
822 292 6979326976
822 350 6979326992
822 464 6979327008
822 484 6979327024
822 494 6979327040
822 563 6979327056
822 572 6979327072
822 593 6979327088
822 822 6979327104
822 900 6979327120
822 908 6979327136
822 936 6979327152
822 953 6979327168
823 7 6979327184
823 8 6979327200
823 9 6979327216
823 12 6979327232
823 15 6979327248
823 19 6979327264
823 213 6979327280
823 264 6979327296
823 265 6979327312
823 358 6979327328
823 452 6979327344
823 521 6979327360
823 558 6979327376
823 566 6979327392
823 570 6979327408
823 661 6979327424
823 700 6979327440
823 707 6979327456
823 823 6979327472
823 856 6979327488
824 191 6979327504
825 306 6979327520
825 923 6979327536
826 2 6979327552
826 4 6979327568
826 6 6979327584
826 58 6979327600
826 59 6979327616
826 63 6979327632
826 192 6979327648
826 193 6979327664
826 194 6979327680
826 195 6979327696
826 408 6979327712
826 412 6979327728
826 586 6979327744
826 803 6979327760
826 809 6979327776
826 826 6979327792
826 832 6979327808
826 859 6979327824
826 990 6979327840
826 1001 6979327856
828 16 6979327872
828 45 6979327888
828 46 6979327904
828 64 6979327920
828 106 6979327936
828 107 6979327952
828 121 6979327968
828 145 6979327984
828 160 6979328000
828 233 6979328016
828 300 6979328032
828 353 6979328048
828 356 6979328064
828 371 6979328080
828 405 6979328096
828 419 6979328112
828 434 6979328128
828 546 6979328144
828 796 6979328160
828 889 6979328176
828 892 6979328192
828 896 6979328208
829 168 6979328224
829 203 6979328240
829 290 6979328256
832 2 6979328272
832 3 6979328288
832 4 6979328304
832 57 6979328320
832 58 6979328336
832 59 6979328352
832 63 6979328368
832 102 6979328384
832 131 6979328400
832 145 6979328416
832 192 6979328432
832 193 6979328448
832 194 6979328464
832 195 6979328480
832 252 6979328496
832 408 6979328512
832 412 6979328528
832 520 6979328544
832 586 6979328560
832 587 6979328576
832 826 6979328592
832 832 6979328608
832 859 6979328624
833 5 6979328640
833 7 6979328656
833 44 6979328672
833 62 6979328688
833 249 6979328704
833 365 6979328720
833 833 6979328736
833 856 6979328752
835 275 6979328768
836 523 6979328784
836 836 6979328800
837 107 6979328816
837 837 6979328832
838 124 6979328848
839 191 6979328864
840 64 6979328880
840 65 6979328896
840 86 6979328912
840 168 6979328928
840 232 6979328944
840 426 6979328960
840 440 6979328976
840 457 6979328992
840 526 6979329008
840 562 6979329024
840 840 6979329040
841 231 6979329056
841 312 6979329072
841 368 6979329088
841 376 6979329104
841 397 6979329120
841 719 6979329136
841 841 6979329152
841 869 6979329168
843 290 6979329184
844 133 6979329200
845 2 6979329216
845 3 6979329232
845 4 6979329248
845 6 6979329264
845 56 6979329280
845 58 6979329296
845 59 6979329312
845 63 6979329328
845 89 6979329344
845 193 6979329360
845 211 6979329376
845 252 6979329392
845 281 6979329408
845 303 6979329424
845 305 6979329440
845 408 6979329456
845 481 6979329472
845 520 6979329488
845 685 6979329504
845 699 6979329520
845 809 6979329536
845 812 6979329552
845 845 6979329568
845 859 6979329584
845 865 6979329600
845 921 6979329616
845 924 6979329632
845 953 6979329648
846 605 6979329664
846 846 6979329680
847 40 6979329696
847 47 6979329712
847 48 6979329728
847 96 6979329744
847 113 6979329760
847 114 6979329776
847 171 6979329792
847 172 6979329808
847 205 6979329824
847 333 6979329840
847 443 6979329856
847 455 6979329872
847 464 6979329888
847 547 6979329904
847 847 6979329920
847 919 6979329936
847 922 6979329952
847 925 6979329968
849 849 6979329984
851 157 6979330000
851 180 6979330016
851 191 6979330032
851 214 6979330048
851 342 6979330064
851 350 6979330080
851 352 6979330096
851 377 6979330112
851 483 6979330128
851 575 6979330144
851 605 6979330160
851 681 6979330176
851 851 6979330192
851 852 6979330208
851 907 6979330224
852 415 6979330240
852 852 6979330256
855 155 6979330272
855 299 6979330288
855 473 6979330304
856 7 6979330320
856 8 6979330336
856 12 6979330352
856 19 6979330368
856 44 6979330384
856 58 6979330400
856 62 6979330416
856 82 6979330432
856 83 6979330448
856 87 6979330464
856 105 6979330480
856 107 6979330496
856 121 6979330512
856 141 6979330528
856 142 6979330544
856 160 6979330560
856 166 6979330576
856 186 6979330592
856 212 6979330608
856 246 6979330624
856 249 6979330640
856 264 6979330656
856 265 6979330672
856 293 6979330688
856 331 6979330704
856 355 6979330720
856 358 6979330736
856 362 6979330752
856 366 6979330768
856 374 6979330784
856 407 6979330800
856 421 6979330816
856 430 6979330832
856 434 6979330848
856 452 6979330864
856 466 6979330880
856 498 6979330896
856 504 6979330912
856 506 6979330928
856 525 6979330944
856 546 6979330960
856 555 6979330976
856 558 6979330992
856 560 6979331008
856 573 6979331024
856 612 6979331040
856 661 6979331056
856 707 6979331072
856 720 6979331088
856 765 6979331104
856 823 6979331120
856 856 6979331136
856 913 6979331152
856 922 6979331168
856 950 6979331184
856 956 6979331200
858 306 6979331216
859 2 6979331232
859 3 6979331248
859 4 6979331264
859 6 6979331280
859 56 6979331296
859 57 6979331312
859 58 6979331328
859 59 6979331344
859 62 6979331360
859 63 6979331376
859 64 6979331392
859 82 6979331408
859 87 6979331424
859 89 6979331440
859 105 6979331456
859 107 6979331472
859 121 6979331488
859 131 6979331504
859 132 6979331520
859 137 6979331536
859 147 6979331552
859 160 6979331568
859 162 6979331584
859 166 6979331600
859 174 6979331616
859 183 6979331632
859 193 6979331648
859 194 6979331664
859 195 6979331680
859 211 6979331696
859 212 6979331712
859 243 6979331728
859 252 6979331744
859 254 6979331760
859 269 6979331776
859 271 6979331792
859 281 6979331808
859 286 6979331824
859 303 6979331840
859 366 6979331856
859 408 6979331872
859 411 6979331888
859 412 6979331904
859 434 6979331920
859 520 6979331936
859 546 6979331952
859 601 6979331968
859 612 6979331984
859 665 6979332000
859 685 6979332016
859 803 6979332032
859 809 6979332048
859 812 6979332064
859 815 6979332080
859 826 6979332096
859 832 6979332112
859 845 6979332128
859 849 6979332144
859 859 6979332160
859 880 6979332176
859 921 6979332192
859 932 6979332208
859 963 6979332224
859 971 6979332240
859 990 6979332256
859 991 6979332272
860 115 6979332288
860 116 6979332304
860 123 6979332320
860 135 6979332336
860 165 6979332352
860 169 6979332368
860 170 6979332384
860 251 6979332400
860 330 6979332416
860 336 6979332432
860 337 6979332448
860 338 6979332464
860 339 6979332480
860 375 6979332496
860 437 6979332512
860 438 6979332528
860 455 6979332544
860 753 6979332560
860 816 6979332576
860 860 6979332592
860 900 6979332608
860 914 6979332624
860 978 6979332640
863 57 6979332656
865 2 6979332672
865 56 6979332688
865 58 6979332704
865 59 6979332720
865 63 6979332736
865 194 6979332752
865 305 6979332768
865 412 6979332784
865 845 6979332800
865 865 6979332816
866 80 6979332832
