434 3 4261412864
435 7 4261412880
436 4 4261412896
437 9 4261412912
438 5 4261412928
439 6 4261412944
440 3 4261412960
441 8 4261412976
442 7 4261412992
443 6 4261413008
444 3 4261413024
445 4 4261413040
446 5 4261413056
447 1 4261413072
448 8 4261413088
449 1 4261413104
450 3 4261413120
451 1 4261413136
452 8 4261413152
453 5 4261413168
454 4 4261413184
455 1 4261413200
456 6 4261413216
457 6 4261413232
458 1 4261413248
459 9 4261413264
460 9 4261413280
461 6 4261413296
462 3 4261413312
463 3 4261413328
464 9 4261413344
465 9 4261413360
466 4 4261413376
467 8 4261413392
468 1 4261413408
469 2 4261413424
470 6 4261413440
471 9 4261413456
472 1 4261413472
473 7 4261413488
474 7 4261413504
475 7 4261413520
476 8 4261413536
477 1 4261413552
478 9 4261413568
479 9 4261413584
480 3 4261413600
481 8 4261413616
482 3 4261413632
483 2 4261413648
484 9 4261413664
485 2 4261413680
486 8 4261413696
487 1 4261413712
488 4 4261413728
489 1 4261413744
490 5 4261413760
491 5 4261413776
492 6 4261413792
493 5 4261413808
494 8 4261413824
495 3 4261413840
