682 5 6408896512
683 4 6408896528
684 9 6408896544
685 2 6408896560
686 3 6408896576
687 5 6408896592
688 1 6408896608
689 2 6408896624
690 5 6408896640
691 1 6408896656
692 4 6408896672
693 5 6408896688
694 7 6408896704
695 6 6408896720
696 5 6408896736
697 2 6408896752
698 2 6408896768
699 3 6408896784
700 4 6408896800
701 3 6408896816
702 9 6408896832
703 7 6408896848
704 3 6408896864
705 5 6408896880
706 8 6408896896
707 9 6408896912
708 9 6408896928
709 5 6408896944
710 7 6408896960
711 6 6408896976
712 4 6408896992
713 1 6408897008
714 6 6408897024
715 6 6408897040
716 7 6408897056
717 7 6408897072
718 2 6408897088
719 2 6408897104
720 9 6408897120
721 6 6408897136
722 6 6408897152
723 5 6408897168
724 4 6408897184
725 1 6408897200
726 7 6408897216
727 9 6408897232
728 2 6408897248
729 7 6408897264
730 9 6408897280
731 7 6408897296
732 2 6408897312
733 8 6408897328
734 1 6408897344
735 4 6408897360
736 6 6408897376
737 9 6408897392
738 6 6408897408
739 1 6408897424
740 4 6408897440
741 1 6408897456
742 6 6408897472
743 1 6408897488
