0 2 503316480
1 4 503316496
2 7 503316512
3 8 503316528
4 2 503316544
5 8 503316560
6 7 503316576
7 2 503316592
8 5 503316608
9 2 503316624
10 9 503316640
11 2 503316656
12 3 503316672
13 1 503316688
14 2 503316704
15 9 503316720
16 5 503316736
17 3 503316752
18 2 503316768
19 8 503316784
20 7 503316800
21 6 503316816
22 1 503316832
23 4 503316848
24 2 503316864
25 4 503316880
26 8 503316896
27 8 503316912
28 7 503316928
29 2 503316944
30 2 503316960
31 6 503316976
32 7 503316992
33 1 503317008
34 1 503317024
35 1 503317040
36 4 503317056
37 7 503317072
38 6 503317088
39 4 503317104
40 2 503317120
41 8 503317136
42 6 503317152
43 3 503317168
44 8 503317184
45 9 503317200
46 9 503317216
47 4 503317232
48 7 503317248
49 4 503317264
50 1 503317280
51 4 503317296
52 4 503317312
53 9 503317328
54 9 503317344
55 2 503317360
56 3 503317376
57 6 503317392
58 5 503317408
59 3 503317424
60 8 503317440
61 4 503317456
