310 9 3187671040
311 6 3187671056
312 5 3187671072
313 1 3187671088
314 5 3187671104
315 9 3187671120
316 3 3187671136
317 7 3187671152
318 6 3187671168
319 7 3187671184
320 7 3187671200
321 1 3187671216
322 9 3187671232
323 9 3187671248
324 3 3187671264
325 1 3187671280
326 9 3187671296
327 8 3187671312
328 6 3187671328
329 4 3187671344
330 4 3187671360
331 2 3187671376
332 9 3187671392
333 4 3187671408
334 3 3187671424
335 3 3187671440
336 5 3187671456
337 8 3187671472
338 6 3187671488
339 8 3187671504
340 7 3187671520
341 7 3187671536
342 7 3187671552
343 8 3187671568
344 2 3187671584
345 8 3187671600
346 5 3187671616
347 2 3187671632
348 4 3187671648
349 1 3187671664
350 7 3187671680
351 6 3187671696
352 4 3187671712
353 7 3187671728
354 1 3187671744
355 3 3187671760
356 7 3187671776
357 7 3187671792
358 1 3187671808
359 1 3187671824
360 7 3187671840
361 9 3187671856
362 6 3187671872
363 1 3187671888
364 2 3187671904
365 2 3187671920
366 7 3187671936
367 8 3187671952
368 1 3187671968
369 1 3187671984
370 9 3187672000
371 6 3187672016
