806 9 7482638336
807 2 7482638352
808 2 7482638368
809 9 7482638384
810 6 7482638400
811 4 7482638416
812 9 7482638432
813 6 7482638448
814 2 7482638464
815 7 7482638480
816 3 7482638496
817 2 7482638512
818 3 7482638528
819 2 7482638544
820 1 7482638560
821 5 7482638576
822 6 7482638592
823 6 7482638608
824 1 7482638624
825 8 7482638640
826 2 7482638656
827 7 7482638672
828 8 7482638688
829 8 7482638704
830 7 7482638720
831 3 7482638736
832 1 7482638752
833 7 7482638768
834 5 7482638784
835 2 7482638800
836 5 7482638816
837 6 7482638832
838 7 7482638848
839 7 7482638864
840 5 7482638880
841 7 7482638896
842 5 7482638912
843 3 7482638928
844 7 7482638944
845 6 7482638960
846 8 7482638976
847 3 7482638992
848 2 7482639008
849 8 7482639024
850 9 7482639040
851 6 7482639056
852 3 7482639072
853 1 7482639088
854 3 7482639104
855 5 7482639120
856 6 7482639136
857 5 7482639152
858 3 7482639168
859 7 7482639184
860 8 7482639200
861 4 7482639216
862 4 7482639232
863 9 7482639248
864 4 7482639264
865 6 7482639280
866 2 7482639296
867 3 7482639312
