186 5 2113929216
187 9 2113929232
188 5 2113929248
189 3 2113929264
190 9 2113929280
191 5 2113929296
192 4 2113929312
193 4 2113929328
194 1 2113929344
195 3 2113929360
196 1 2113929376
197 6 2113929392
198 4 2113929408
199 5 2113929424
200 8 2113929440
201 3 2113929456
202 5 2113929472
203 3 2113929488
204 3 2113929504
205 3 2113929520
206 3 2113929536
207 3 2113929552
208 3 2113929568
209 3 2113929584
210 1 2113929600
211 9 2113929616
212 6 2113929632
213 4 2113929648
214 8 2113929664
215 7 2113929680
216 4 2113929696
217 6 2113929712
218 3 2113929728
219 4 2113929744
220 2 2113929760
221 9 2113929776
222 8 2113929792
223 8 2113929808
224 4 2113929824
225 1 2113929840
226 1 2113929856
227 9 2113929872
228 7 2113929888
229 5 2113929904
230 1 2113929920
231 9 2113929936
232 3 2113929952
233 3 2113929968
234 7 2113929984
235 9 2113930000
236 5 2113930016
237 8 2113930032
238 7 2113930048
239 1 2113930064
240 1 2113930080
241 3 2113930096
242 4 2113930112
243 5 2113930128
244 7 2113930144
245 4 2113930160
246 7 2113930176
247 1 2113930192
