868 6 8019509248
869 8 8019509264
870 3 8019509280
871 5 8019509296
872 7 8019509312
873 8 8019509328
874 4 8019509344
875 5 8019509360
876 8 8019509376
877 6 8019509392
878 4 8019509408
879 7 8019509424
880 8 8019509440
881 6 8019509456
882 2 8019509472
883 7 8019509488
884 2 8019509504
885 5 8019509520
886 7 8019509536
887 3 8019509552
888 8 8019509568
889 4 8019509584
890 1 8019509600
891 7 8019509616
892 3 8019509632
893 7 8019509648
894 5 8019509664
895 2 8019509680
896 6 8019509696
897 8 8019509712
898 1 8019509728
899 9 8019509744
900 4 8019509760
901 9 8019509776
902 1 8019509792
903 8 8019509808
904 9 8019509824
905 3 8019509840
906 2 8019509856
907 3 8019509872
908 5 8019509888
909 5 8019509904
910 4 8019509920
911 6 8019509936
912 9 8019509952
913 5 8019509968
914 5 8019509984
915 9 8019510000
916 3 8019510016
917 4 8019510032
918 9 8019510048
919 8 8019510064
920 9 8019510080
921 3 8019510096
922 4 8019510112
923 1 8019510128
924 9 8019510144
925 1 8019510160
926 1 8019510176
927 9 8019510192
928 9 8019510208
929 5 8019510224
