372 7 3724541952
373 5 3724541968
374 3 3724541984
375 6 3724542000
376 9 3724542016
377 8 3724542032
378 8 3724542048
379 9 3724542064
380 4 3724542080
381 4 3724542096
382 2 3724542112
383 8 3724542128
384 3 3724542144
385 1 3724542160
386 7 3724542176
387 1 3724542192
388 7 3724542208
389 9 3724542224
390 5 3724542240
391 2 3724542256
392 1 3724542272
393 4 3724542288
394 7 3724542304
395 3 3724542320
396 9 3724542336
397 5 3724542352
398 3 3724542368
399 5 3724542384
400 4 3724542400
401 3 3724542416
402 7 3724542432
403 9 3724542448
404 5 3724542464
405 4 3724542480
406 2 3724542496
407 3 3724542512
408 2 3724542528
409 4 3724542544
410 8 3724542560
411 9 3724542576
412 9 3724542592
413 9 3724542608
414 6 3724542624
415 6 3724542640
416 2 3724542656
417 5 3724542672
418 4 3724542688
419 2 3724542704
420 7 3724542720
421 2 3724542736
422 8 3724542752
423 3 3724542768
424 2 3724542784
425 3 3724542800
426 9 3724542816
427 9 3724542832
428 1 3724542848
429 9 3724542864
430 8 3724542880
431 3 3724542896
432 9 3724542912
433 5 3724542928
