23 417 536870912
23 421 536870928
23 422 536870944
23 427 536870960
23 434 536870976
23 438 536870992
23 460 536871008
23 464 536871024
23 480 536871040
23 494 536871056
23 588 536871072
23 590 536871088
23 785 536871104
23 820 536871120
23 932 536871136
23 950 536871152
23 953 536871168
23 964 536871184
24 23 536871200
24 24 536871216
24 25 536871232
24 26 536871248
24 27 536871264
24 28 536871280
24 29 536871296
24 30 536871312
24 31 536871328
24 32 536871344
24 33 536871360
24 34 536871376
24 35 536871392
24 36 536871408
24 37 536871424
24 38 536871440
24 39 536871456
24 40 536871472
24 64 536871488
24 96 536871504
24 114 536871520
24 151 536871536
24 169 536871552
24 261 536871568
24 367 536871584
24 411 536871600
24 440 536871616
24 494 536871632
24 545 536871648
24 588 536871664
24 590 536871680
24 609 536871696
24 654 536871712
24 953 536871728
24 964 536871744
24 988 536871760
24 997 536871776
25 10 536871792
25 23 536871808
25 24 536871824
25 26 536871840
25 30 536871856
25 34 536871872
25 36 536871888
25 38 536871904
25 40 536871920
25 133 536871936
25 301 536871952
25 361 536871968
25 438 536871984
25 459 536872000
25 473 536872016
25 545 536872032
25 588 536872048
25 654 536872064
26 23 536872080
26 24 536872096
26 25 536872112
26 26 536872128
26 27 536872144
26 28 536872160
26 29 536872176
26 32 536872192
26 34 536872208
26 35 536872224
26 38 536872240
26 40 536872256
26 47 536872272
26 135 536872288
26 170 536872304
26 251 536872320
26 370 536872336
26 438 536872352
26 442 536872368
26 588 536872384
26 590 536872400
26 654 536872416
26 953 536872432
27 23 536872448
27 24 536872464
27 25 536872480
27 26 536872496
27 27 536872512
27 28 536872528
27 29 536872544
27 30 536872560
27 31 536872576
27 32 536872592
27 33 536872608
27 34 536872624
27 35 536872640
27 36 536872656
27 37 536872672
27 38 536872688
27 39 536872704
27 40 536872720
27 51 536872736
27 62 536872752
27 93 536872768
27 116 536872784
27 121 536872800
27 135 536872816
27 136 536872832
27 165 536872848
27 170 536872864
27 197 536872880
27 261 536872896
27 301 536872912
27 338 536872928
27 361 536872944
27 370 536872960
27 437 536872976
27 438 536872992
27 494 536873008
27 545 536873024
27 588 536873040
27 590 536873056
27 721 536873072
27 722 536873088
27 878 536873104
27 883 536873120
27 953 536873136
27 997 536873152
28 20 536873168
28 21 536873184
28 23 536873200
28 24 536873216
28 25 536873232
28 26 536873248
28 27 536873264
28 28 536873280
28 29 536873296
28 30 536873312
28 31 536873328
28 32 536873344
28 33 536873360
28 34 536873376
28 35 536873392
28 36 536873408
28 37 536873424
28 38 536873440
28 39 536873456
28 40 536873472
28 44 536873488
28 46 536873504
28 51 536873520
28 62 536873536
28 63 536873552
28 80 536873568
28 81 536873584
28 86 536873600
28 87 536873616
28 96 536873632
28 105 536873648
28 107 536873664
28 113 536873680
28 114 536873696
28 115 536873712
28 116 536873728
28 128 536873744
28 129 536873760
28 133 536873776
28 151 536873792
28 160 536873808
28 165 536873824
28 169 536873840
28 170 536873856
28 172 536873872
28 183 536873888
28 212 536873904
28 229 536873920
28 249 536873936
28 256 536873952
28 278 536873968
28 301 536873984
28 303 536874000
28 329 536874016
28 338 536874032
28 339 536874048
28 340 536874064
28 351 536874080
28 363 536874096
28 365 536874112
28 367 536874128
28 405 536874144
28 419 536874160
28 420 536874176
28 424 536874192
28 434 536874208
28 438 536874224
28 473 536874240
28 545 536874256
28 588 536874272
28 590 536874288
28 721 536874304
28 722 536874320
28 877 536874336
28 914 536874352
28 932 536874368
28 952 536874384
28 953 536874400
29 5 536874416
29 21 536874432
29 23 536874448
29 24 536874464
29 25 536874480
29 26 536874496
29 27 536874512
29 28 536874528
29 29 536874544
29 30 536874560
29 31 536874576
29 32 536874592
29 33 536874608
29 34 536874624
29 35 536874640
29 36 536874656
29 37 536874672
29 38 536874688
29 39 536874704
29 40 536874720
29 51 536874736
29 62 536874752
29 113 536874768
29 116 536874784
29 133 536874800
29 151 536874816
29 169 536874832
29 183 536874848
29 229 536874864
29 301 536874880
29 331 536874896
29 361 536874912
29 409 536874928
29 417 536874944
29 420 536874960
29 438 536874976
29 443 536874992
29 459 536875008
29 473 536875024
29 486 536875040
29 533 536875056
29 545 536875072
29 560 536875088
29 588 536875104
29 590 536875120
29 964 536875136
30 23 536875152
30 24 536875168
30 25 536875184
30 26 536875200
30 27 536875216
30 28 536875232
30 29 536875248
30 30 536875264
30 31 536875280
30 32 536875296
30 33 536875312
30 34 536875328
30 35 536875344
30 36 536875360
30 37 536875376
30 38 536875392
30 39 536875408
30 40 536875424
30 41 536875440
30 44 536875456
30 51 536875472
30 62 536875488
30 82 536875504
30 86 536875520
30 115 536875536
30 116 536875552
30 121 536875568
30 128 536875584
30 129 536875600
30 133 536875616
30 135 536875632
30 136 536875648
30 151 536875664
30 160 536875680
30 165 536875696
30 169 536875712
30 172 536875728
30 251 536875744
30 261 536875760
30 263 536875776
30 336 536875792
30 337 536875808
30 339 536875824
30 366 536875840
30 367 536875856
30 417 536875872
30 424 536875888
30 434 536875904
30 438 536875920
30 545 536875936
30 546 536875952
30 588 536875968
30 590 536875984
30 609 536876000
30 721 536876016
30 764 536876032
30 820 536876048
31 23 536876064
31 24 536876080
31 27 536876096
31 28 536876112
31 29 536876128
31 30 536876144
31 31 536876160
31 32 536876176
31 33 536876192
31 35 536876208
31 36 536876224
31 37 536876240
31 39 536876256
31 40 536876272
31 51 536876288
31 82 536876304
31 96 536876320
31 107 536876336
31 115 536876352
31 121 536876368
31 123 536876384
31 135 536876400
31 142 536876416
31 143 536876432
31 151 536876448
31 155 536876464
31 162 536876480
31 165 536876496
31 170 536876512
31 198 536876528
31 229 536876544
31 254 536876560
31 256 536876576
31 261 536876592
31 282 536876608
31 337 536876624
31 338 536876640
31 361 536876656
31 367 536876672
31 424 536876688
31 427 536876704
31 438 536876720
31 612 536876736
32 23 536876752
32 24 536876768
32 26 536876784
32 27 536876800
32 28 536876816
32 30 536876832
32 31 536876848
32 32 536876864
32 33 536876880
32 35 536876896
32 40 536876912
32 113 536876928
32 151 536876944
32 165 536876960
32 251 536876976
32 261 536876992
32 361 536877008
32 417 536877024
32 438 536877040
32 533 536877056
32 590 536877072
32 654 536877088
32 883 536877104
33 23 536877120
33 27 536877136
33 28 536877152
33 29 536877168
33 30 536877184
33 31 536877200
33 32 536877216
33 33 536877232
33 34 536877248
33 35 536877264
33 39 536877280
33 40 536877296
33 113 536877312
33 282 536877328
33 438 536877344
33 443 536877360
33 590 536877376
33 615 536877392
33 878 536877408
34 5 536877424
34 23 536877440
34 24 536877456
34 25 536877472
34 26 536877488
34 27 536877504
34 28 536877520
34 29 536877536
34 30 536877552
34 31 536877568
34 32 536877584
34 33 536877600
34 34 536877616
34 35 536877632
34 36 536877648
34 37 536877664
34 38 536877680
34 39 536877696
34 40 536877712
34 54 536877728
34 151 536877744
34 361 536877760
34 434 536877776
34 438 536877792
34 588 536877808
34 590 536877824
35 5 536877840
35 14 536877856
35 23 536877872
35 24 536877888
35 25 536877904
35 26 536877920
35 27 536877936
35 28 536877952
35 29 536877968
35 30 536877984
35 31 536878000
35 32 536878016
35 33 536878032
35 34 536878048
35 35 536878064
35 36 536878080
35 37 536878096
35 38 536878112
35 39 536878128
35 40 536878144
35 51 536878160
35 62 536878176
35 107 536878192
35 114 536878208
35 121 536878224
35 128 536878240
35 129 536878256
35 151 536878272
35 165 536878288
35 168 536878304
35 170 536878320
35 261 536878336
35 301 536878352
35 338 536878368
35 367 536878384
35 434 536878400
35 438 536878416
35 464 536878432
35 473 536878448
35 486 536878464
35 588 536878480
35 590 536878496
35 655 536878512
35 878 536878528
36 10 536878544
36 21 536878560
36 23 536878576
36 25 536878592
36 28 536878608
36 29 536878624
36 30 536878640
36 31 536878656
36 36 536878672
36 48 536878688
36 113 536878704
36 121 536878720
36 129 536878736
36 165 536878752
36 169 536878768
36 183 536878784
36 367 536878800
36 438 536878816
36 545 536878832
36 588 536878848
37 23 536878864
37 24 536878880
37 25 536878896
37 26 536878912
37 27 536878928
37 28 536878944
37 29 536878960
37 30 536878976
37 31 536878992
37 32 536879008
37 33 536879024
37 34 536879040
37 35 536879056
37 36 536879072
37 37 536879088
37 38 536879104
37 39 536879120
37 40 536879136
37 48 536879152
37 86 536879168
37 96 536879184
37 112 536879200
37 123 536879216
37 151 536879232
37 229 536879248
37 261 536879264
37 338 536879280
37 545 536879296
37 588 536879312
37 590 536879328
37 667 536879344
37 721 536879360
38 23 536879376
38 25 536879392
38 26 536879408
38 27 536879424
38 28 536879440
38 29 536879456
38 30 536879472
38 31 536879488
38 33 536879504
38 35 536879520
38 37 536879536
38 38 536879552
38 39 536879568
38 40 536879584
38 47 536879600
38 48 536879616
38 86 536879632
38 113 536879648
38 116 536879664
38 165 536879680
38 170 536879696
38 171 536879712
38 245 536879728
38 258 536879744
38 321 536879760
38 329 536879776
38 339 536879792
38 370 536879808
38 409 536879824
38 417 536879840
38 421 536879856
38 438 536879872
38 443 536879888
38 474 536879904
38 547 536879920
38 579 536879936
38 590 536879952
38 592 536879968
38 722 536879984
38 847 536880000
38 915 536880016
39 23 536880032
39 27 536880048
39 28 536880064
39 29 536880080
39 34 536880096
39 35 536880112
39 39 536880128
39 40 536880144
39 86 536880160
39 114 536880176
39 165 536880192
39 437 536880208
39 455 536880224
39 480 536880240
39 494 536880256
39 883 536880272
40 23 536880288
40 24 536880304
40 25 536880320
40 26 536880336
40 27 536880352
40 28 536880368
40 29 536880384
40 30 536880400
40 31 536880416
40 32 536880432
40 33 536880448
40 34 536880464
40 35 536880480
40 37 536880496
40 38 536880512
40 39 536880528
40 40 536880544
40 47 536880560
40 48 536880576
40 75 536880592
40 93 536880608
40 113 536880624
40 119 536880640
40 135 536880656
40 151 536880672
40 170 536880688
40 171 536880704
40 245 536880720
40 251 536880736
40 261 536880752
40 318 536880768
40 361 536880784
40 370 536880800
40 409 536880816
40 417 536880832
40 438 536880848
40 442 536880864
40 443 536880880
40 448 536880896
40 533 536880912
40 545 536880928
40 547 536880944
40 560 536880960
40 590 536880976
40 725 536880992
40 753 536881008
40 816 536881024
40 847 536881040
40 900 536881056
40 917 536881072
40 919 536881088
40 953 536881104
40 964 536881120
41 5 536881136
41 14 536881152
41 23 536881168
41 28 536881184
41 30 536881200
41 41 536881216
41 42 536881232
41 47 536881248
41 51 536881264
41 62 536881280
41 63 536881296
41 85 536881312
41 86 536881328
41 87 536881344
41 93 536881360
41 94 536881376
41 95 536881392
41 105 536881408
41 107 536881424
41 113 536881440
41 114 536881456
41 115 536881472
41 121 536881488
41 123 536881504
41 128 536881520
41 133 536881536
41 136 536881552
41 160 536881568
41 165 536881584
41 166 536881600
41 167 536881616
41 169 536881632
41 171 536881648
41 180 536881664
41 196 536881680
41 197 536881696
41 198 536881712
41 199 536881728
41 200 536881744
41 201 536881760
41 202 536881776
41 203 536881792
41 204 536881808
41 205 536881824
41 206 536881840
41 207 536881856
41 212 536881872
41 215 536881888
41 232 536881904
41 249 536881920
41 256 536881936
41 280 536881952
41 336 536881968
41 352 536881984
41 434 536882000
41 443 536882016
41 460 536882032
41 464 536882048
41 474 536882064
41 482 536882080
41 483 536882096
41 493 536882112
41 546 536882128
41 581 536882144
41 593 536882160
41 601 536882176
41 612 536882192
41 751 536882208
41 776 536882224
41 801 536882240
41 820 536882256
41 908 536882272
41 917 536882288
41 918 536882304
42 5 536882320
42 17 536882336
42 19 536882352
42 20 536882368
42 23 536882384
42 41 536882400
42 42 536882416
42 44 536882432
42 58 536882448
42 64 536882464
42 74 536882480
42 81 536882496
42 83 536882512
42 87 536882528
42 105 536882544
42 106 536882560
42 115 536882576
42 128 536882592
42 129 536882608
42 143 536882624
42 145 536882640
42 147 536882656
42 160 536882672
42 163 536882688
42 166 536882704
42 169 536882720
42 183 536882736
42 184 536882752
42 187 536882768
42 188 536882784
42 190 536882800
42 209 536882816
42 212 536882832
42 215 536882848
42 221 536882864
42 226 536882880
42 243 536882896
42 245 536882912
42 249 536882928
42 255 536882944
42 280 536882960
42 296 536882976
42 300 536882992
42 329 536883008
42 333 536883024
42 343 536883040
42 372 536883056
42 405 536883072
42 422 536883088
42 427 536883104
42 434 536883120
42 453 536883136
42 459 536883152
42 473 536883168
42 474 536883184
42 490 536883200
42 492 536883216
42 493 536883232
42 495 536883248
42 560 536883264
42 607 536883280
42 612 536883296
42 642 536883312
42 667 536883328
42 671 536883344
42 756 536883360
42 820 536883376
43 43 536883392
43 44 536883408
43 358 536883424
43 406 536883440
43 407 536883456
43 498 536883472
43 499 536883488
43 505 536883504
44 7 536883520
44 8 536883536
44 9 536883552
44 10 536883568
44 11 536883584
44 12 536883600
44 16 536883616
44 19 536883632
44 30 536883648
44 43 536883664
44 44 536883680
44 51 536883696
44 62 536883712
44 82 536883728
44 86 536883744
44 105 536883760
44 106 536883776
44 107 536883792
44 121 536883808
44 128 536883824
44 129 536883840
44 133 536883856
44 141 536883872
44 155 536883888
44 160 536883904
44 161 536883920
44 166 536883936
44 183 536883952
44 211 536883968
44 212 536883984
44 213 536884000
44 246 536884016
44 249 536884032
44 283 536884048
44 293 536884064
44 324 536884080
44 332 536884096
44 358 536884112
44 359 536884128
44 360 536884144
44 362 536884160
44 365 536884176
44 366 536884192
44 374 536884208
44 405 536884224
44 406 536884240
44 407 536884256
44 419 536884272
44 424 536884288
44 430 536884304
44 434 536884320
44 441 536884336
44 459 536884352
44 499 536884368
44 500 536884384
44 501 536884400
44 502 536884416
44 503 536884432
44 504 536884448
44 506 536884464
44 525 536884480
44 526 536884496
44 529 536884512
44 549 536884528
44 550 536884544
44 555 536884560
44 565 536884576
44 569 536884592
44 573 536884608
44 649 536884624
44 661 536884640
44 672 536884656
44 699 536884672
44 729 536884688
44 754 536884704
44 765 536884720
44 805 536884736
44 856 536884752
44 913 536884768
44 932 536884784
44 951 536884800
44 956 536884816
44 967 536884832
45 15 536884848
45 16 536884864
45 45 536884880
45 46 536884896
45 62 536884912
45 107 536884928
45 124 536884944
45 139 536884960
45 140 536884976
45 142 536884992
45 162 536885008
45 164 536885024
45 216 536885040
45 269 536885056
45 271 536885072
45 272 536885088
45 273 536885104
45 274 536885120
45 282 536885136
45 300 536885152
45 301 536885168
45 322 536885184
45 335 536885200
45 371 536885216
45 404 536885232
45 405 536885248
45 419 536885264
45 424 536885280
45 428 536885296
45 429 536885312
45 445 536885328
45 447 536885344
45 448 536885360
45 461 536885376
45 640 536885392
45 838 536885408
45 892 536885424
45 933 536885440
46 3 536885456
46 15 536885472
46 16 536885488
46 21 536885504
46 45 536885520
46 46 536885536
46 63 536885552
46 96 536885568
46 106 536885584
46 114 536885600
46 121 536885616
46 128 536885632
46 129 536885648
46 132 536885664
46 137 536885680
46 139 536885696
46 140 536885712
46 155 536885728
46 164 536885744
46 169 536885760
46 174 536885776
46 210 536885792
46 211 536885808
46 216 536885824
46 236 536885840
46 256 536885856
46 269 536885872
46 272 536885888
46 273 536885904
46 274 536885920
46 283 536885936
46 300 536885952
46 303 536885968
46 322 536885984
46 329 536886000
46 355 536886016
46 371 536886032
46 405 536886048
46 424 536886064
46 428 536886080
46 429 536886096
46 434 536886112
46 446 536886128
46 447 536886144
46 448 536886160
46 461 536886176
46 495 536886192
46 592 536886208
46 812 536886224
47 14 536886240
47 26 536886256
47 38 536886272
47 40 536886288
47 41 536886304
47 47 536886320
47 48 536886336
47 76 536886352
47 79 536886368
47 86 536886384
47 96 536886400
47 107 536886416
47 113 536886432
47 114 536886448
47 116 536886464
47 129 536886480
47 135 536886496
47 160 536886512
47 168 536886528
47 172 536886544
47 220 536886560
47 251 536886576
47 263 536886592
47 318 536886608
47 333 536886624
47 339 536886640
47 361 536886656
47 417 536886672
47 427 536886688
47 437 536886704
47 443 536886720
47 455 536886736
47 482 536886752
47 483 536886768
47 547 536886784
47 847 536886800
47 925 536886816
48 27 536886832
48 36 536886848
48 37 536886864
48 39 536886880
48 40 536886896
48 47 536886912
48 48 536886928
48 50 536886944
48 75 536886960
48 76 536886976
48 84 536886992
48 96 536887008
48 105 536887024
48 113 536887040
48 114 536887056
48 115 536887072
48 151 536887088
48 165 536887104
48 166 536887120
48 171 536887136
48 211 536887152
48 212 536887168
48 229 536887184
48 245 536887200
48 252 536887216
48 261 536887232
48 263 536887248
48 318 536887264
48 333 536887280
48 338 536887296
48 361 536887312
48 367 536887328
48 372 536887344
48 417 536887360
48 423 536887376
48 427 536887392
48 437 536887408
48 442 536887424
48 443 536887440
48 444 536887456
48 455 536887472
48 482 536887488
48 485 536887504
48 486 536887520
48 492 536887536
48 527 536887552
48 547 536887568
48 643 536887584
48 654 536887600
48 678 536887616
48 847 536887632
49 49 536887648
49 50 536887664
49 71 536887680
49 83 536887696
49 84 536887712
49 87 536887728
49 297 536887744
49 433 536887760
49 612 536887776
49 643 536887792
50 48 536887808
50 49 536887824
50 50 536887840
50 71 536887856
50 84 536887872
50 87 536887888
50 152 536887904
50 217 536887920
50 431 536887936
50 433 536887952
50 643 536887968
50 654 536887984
51 27 536888000
51 28 536888016
51 29 536888032
51 30 536888048
51 35 536888064
51 41 536888080
51 44 536888096
51 51 536888112
51 64 536888128
51 79 536888144
51 82 536888160
51 85 536888176
51 93 536888192
51 95 536888208
51 100 536888224
51 109 536888240
51 112 536888256
51 113 536888272
51 114 536888288
51 118 536888304
51 124 536888320
51 128 536888336
51 133 536888352
51 141 536888368
51 143 536888384
51 160 536888400
51 165 536888416
51 196 536888432
51 197 536888448
51 199 536888464
51 200 536888480
51 201 536888496
51 205 536888512
51 232 536888528
51 280 536888544
51 283 536888560
51 362 536888576
51 371 536888592
51 375 536888608
51 399 536888624
51 409 536888640
51 445 536888656
51 498 536888672
51 557 536888688
51 581 536888704
51 593 536888720
51 820 536888736
51 917 536888752
52 1 536888768
52 52 536888784
52 53 536888800
52 61 536888816
52 103 536888832
52 128 536888848
52 146 536888864
52 157 536888880
52 185 536888896
52 197 536888912
52 221 536888928
52 232 536888944
52 301 536888960
52 314 536888976
52 368 536888992
52 377 536889008
52 397 536889024
52 537 536889040
52 595 536889056
52 719 536889072
52 781 536889088
52 786 536889104
52 814 536889120
52 820 536889136
53 14 536889152
53 18 536889168
53 61 536889184
53 82 536889200
53 85 536889216
53 103 536889232
53 128 536889248
53 129 536889264
53 157 536889280
53 178 536889296
53 182 536889312
53 215 536889328
53 221 536889344
53 231 536889360
53 232 536889376
53 280 536889392
53 312 536889408
53 380 536889424
53 389 536889440
53 394 536889456
53 397 536889472
53 403 536889488
53 420 536889504
53 434 536889520
53 440 536889536
53 465 536889552
53 466 536889568
53 486 536889584
53 526 536889600
53 537 536889616
53 820 536889632
54 2 536889648
54 6 536889664
54 34 536889680
54 54 536889696
54 55 536889712
54 56 536889728
54 57 536889744
54 58 536889760
54 59 536889776
54 63 536889792
54 88 536889808
54 89 536889824
54 96 536889840
54 107 536889856
54 126 536889872
54 131 536889888
54 132 536889904
54 137 536889920
54 138 536889936
54 166 536889952
54 174 536889968
54 194 536889984
54 208 536890000
54 211 536890016
54 249 536890032
54 252 536890048
54 271 536890064
54 281 536890080
54 285 536890096
54 304 536890112
54 305 536890128
54 411 536890144
54 412 536890160
54 438 536890176
54 481 536890192
54 520 536890208
54 532 536890224
54 552 536890240
54 665 536890256
54 685 536890272
54 698 536890288
54 738 536890304
54 803 536890320
54 807 536890336
54 809 536890352
54 812 536890368
54 826 536890384
54 949 536890400
55 2 536890416
55 3 536890432
55 6 536890448
55 54 536890464
55 55 536890480
55 56 536890496
55 57 536890512
55 58 536890528
55 59 536890544
55 86 536890560
55 107 536890576
55 126 536890592
55 131 536890608
55 160 536890624
55 166 536890640
55 193 536890656
55 208 536890672
55 211 536890688
55 271 536890704
55 285 536890720
55 305 536890736
55 411 536890752
55 412 536890768
55 481 536890784
55 520 536890800
55 533 536890816
55 552 536890832
55 665 536890848
55 685 536890864
55 698 536890880
55 718 536890896
55 738 536890912
55 809 536890928
55 949 536890944
55 950 536890960
55 1004 536890976
56 2 536890992
56 3 536891008
56 4 536891024
56 6 536891040
56 54 536891056
56 55 536891072
56 56 536891088
56 57 536891104
56 58 536891120
56 59 536891136
56 63 536891152
56 89 536891168
56 96 536891184
56 126 536891200
56 137 536891216
56 138 536891232
56 174 536891248
56 194 536891264
56 209 536891280
56 211 536891296
56 271 536891312
56 286 536891328
56 303 536891344
56 305 536891360
56 408 536891376
56 412 536891392
56 481 536891408
56 520 536891424
56 532 536891440
56 610 536891456
56 619 536891472
56 685 536891488
56 698 536891504
56 718 536891520
56 738 536891536
56 809 536891552
56 826 536891568
56 859 536891584
56 865 536891600
56 880 536891616
56 921 536891632
57 2 536891648
57 3 536891664
57 4 536891680
57 5 536891696
57 6 536891712
57 54 536891728
57 55 536891744
57 56 536891760
57 57 536891776
57 58 536891792
57 59 536891808
57 63 536891824
57 64 536891840
57 88 536891856
57 89 536891872
57 96 536891888
57 126 536891904
57 137 536891920
57 138 536891936
57 160 536891952
57 174 536891968
57 193 536891984
57 194 536892000
57 195 536892016
57 208 536892032
57 211 536892048
57 240 536892064
57 243 536892080
57 252 536892096
57 271 536892112
57 281 536892128
57 285 536892144
57 286 536892160
57 302 536892176
57 303 536892192
57 304 536892208
57 305 536892224
57 408 536892240
57 411 536892256
57 412 536892272
57 460 536892288
57 481 536892304
57 520 536892320
57 532 536892336
57 552 536892352
57 601 536892368
57 604 536892384
57 610 536892400
57 619 536892416
57 683 536892432
57 685 536892448
57 738 536892464
57 809 536892480
57 812 536892496
57 815 536892512
57 849 536892528
57 859 536892544
57 880 536892560
57 924 536892576
57 949 536892592
58 2 536892608
58 3 536892624
58 4 536892640
58 5 536892656
58 6 536892672
58 13 536892688
58 54 536892704
58 55 536892720
58 56 536892736
58 57 536892752
58 58 536892768
58 59 536892784
58 62 536892800
58 63 536892816
58 81 536892832
58 82 536892848
58 83 536892864
58 84 536892880
58 86 536892896
58 87 536892912
58 88 536892928
58 89 536892944
58 96 536892960
58 105 536892976
58 107 536892992
58 115 536893008
58 121 536893024
58 126 536893040
58 129 536893056
58 131 536893072
58 132 536893088
58 137 536893104
58 138 536893120
58 142 536893136
58 145 536893152
58 154 536893168
58 155 536893184
58 158 536893200
58 159 536893216
58 160 536893232
58 162 536893248
58 166 536893264
58 174 536893280
58 175 536893296
58 183 536893312
58 193 536893328
58 194 536893344
58 195 536893360
58 208 536893376
58 209 536893392
58 210 536893408
58 211 536893424
58 212 536893440
58 215 536893456
58 233 536893472
58 243 536893488
58 244 536893504
58 249 536893520
58 252 536893536
58 254 536893552
58 256 536893568
58 271 536893584
58 281 536893600
58 282 536893616
58 283 536893632
58 285 536893648
58 286 536893664
58 288 536893680
58 303 536893696
58 304 536893712
58 305 536893728
58 333 536893744
58 366 536893760
58 371 536893776
58 372 536893792
58 373 536893808
58 404 536893824
58 408 536893840
58 411 536893856
58 412 536893872
58 422 536893888
58 424 536893904
58 431 536893920
58 434 536893936
58 462 536893952
58 481 536893968
58 498 536893984
58 518 536894000
58 520 536894016
58 533 536894032
58 546 536894048
58 552 536894064
58 586 536894080
58 587 536894096
58 597 536894112
58 601 536894128
58 612 536894144
58 615 536894160
58 654 536894176
58 664 536894192
58 665 536894208
58 685 536894224
58 698 536894240
58 738 536894256
58 803 536894272
58 809 536894288
58 812 536894304
58 814 536894320
58 826 536894336
58 832 536894352
58 845 536894368
58 859 536894384
58 880 536894400
58 921 536894416
58 950 536894432
59 2 536894448
59 3 536894464
59 4 536894480
59 5 536894496
59 6 536894512
59 54 536894528
59 55 536894544
59 56 536894560
59 57 536894576
59 58 536894592
59 59 536894608
59 63 536894624
59 89 536894640
59 96 536894656
59 132 536894672
59 137 536894688
59 138 536894704
59 160 536894720
59 192 536894736
59 194 536894752
59 195 536894768
59 252 536894784
59 285 536894800
59 286 536894816
59 303 536894832
59 305 536894848
59 408 536894864
59 412 536894880
59 481 536894896
59 520 536894912
59 586 536894928
59 610 536894944
59 619 536894960
59 685 536894976
59 698 536894992
59 738 536895008
59 809 536895024
59 812 536895040
59 845 536895056
59 859 536895072
59 865 536895088
59 886 536895104
59 971 536895120
59 990 536895136
60 60 536895152
60 61 536895168
60 95 536895184
60 103 536895200
60 104 536895216
60 105 536895232
60 122 536895248
60 133 536895264
60 150 536895280
60 157 536895296
60 167 536895312
60 172 536895328
60 177 536895344
60 179 536895360
60 181 536895376
60 182 536895392
60 214 536895408
60 215 536895424
60 219 536895440
60 231 536895456
60 232 536895472
60 250 536895488
60 275 536895504
60 280 536895520
60 283 536895536
60 295 536895552
60 296 536895568
60 320 536895584
60 321 536895600
60 342 536895616
60 352 536895632
60 368 536895648
60 376 536895664
60 377 536895680
60 378 536895696
60 379 536895712
60 380 536895728
60 381 536895744
60 384 536895760
60 385 536895776
60 387 536895792
60 388 536895808
60 389 536895824
60 390 536895840
60 391 536895856
60 392 536895872
60 393 536895888
60 394 536895904
60 395 536895920
60 396 536895936
60 397 536895952
60 947 536895968
61 14 536895984
61 19 536896000
61 52 536896016
61 60 536896032
61 61 536896048
61 64 536896064
61 95 536896080
61 103 536896096
61 104 536896112
61 123 536896128
61 150 536896144
61 157 536896160
61 160 536896176
61 172 536896192
61 178 536896208
61 179 536896224
61 181 536896240
61 182 536896256
61 213 536896272
61 232 536896288
61 250 536896304
61 264 536896320
61 265 536896336
61 266 536896352
61 280 536896368
61 295 536896384
61 296 536896400
61 301 536896416
61 320 536896432
61 321 536896448
61 345 536896464
