173 21 3221225472
173 22 3221225488
173 41 3221225504
173 62 3221225520
173 68 3221225536
173 69 3221225552
173 74 3221225568
173 83 3221225584
173 86 3221225600
173 87 3221225616
173 92 3221225632
173 105 3221225648
173 107 3221225664
173 115 3221225680
173 121 3221225696
173 126 3221225712
173 134 3221225728
173 147 3221225744
173 154 3221225760
173 155 3221225776
173 160 3221225792
173 166 3221225808
173 173 3221225824
173 184 3221225840
173 212 3221225856
173 223 3221225872
173 233 3221225888
173 249 3221225904
173 256 3221225920
173 259 3221225936
173 260 3221225952
173 269 3221225968
173 282 3221225984
173 300 3221226000
173 301 3221226016
173 306 3221226032
173 325 3221226048
173 326 3221226064
173 327 3221226080
173 340 3221226096
173 366 3221226112
173 400 3221226128
173 404 3221226144
173 405 3221226160
173 416 3221226176
173 434 3221226192
173 462 3221226208
173 494 3221226224
173 513 3221226240
173 518 3221226256
173 531 3221226272
173 535 3221226288
173 538 3221226304
173 546 3221226320
173 549 3221226336
173 612 3221226352
173 651 3221226368
173 723 3221226384
173 728 3221226400
173 777 3221226416
173 859 3221226432
173 892 3221226448
173 896 3221226464
173 932 3221226480
173 950 3221226496
174 2 3221226512
174 3 3221226528
174 4 3221226544
174 15 3221226560
174 16 3221226576
174 21 3221226592
174 46 3221226608
174 54 3221226624
174 58 3221226640
174 59 3221226656
174 63 3221226672
174 80 3221226688
174 107 3221226704
174 121 3221226720
174 126 3221226736
174 137 3221226752
174 140 3221226768
174 157 3221226784
174 158 3221226800
174 164 3221226816
174 174 3221226832
174 175 3221226848
174 195 3221226864
174 199 3221226880
174 208 3221226896
174 209 3221226912
174 210 3221226928
174 211 3221226944
174 212 3221226960
174 250 3221226976
174 252 3221226992
174 281 3221227008
174 283 3221227024
174 284 3221227040
174 285 3221227056
174 286 3221227072
174 303 3221227088
174 305 3221227104
174 363 3221227120
174 371 3221227136
174 377 3221227152
174 379 3221227168
174 395 3221227184
174 405 3221227200
174 408 3221227216
174 411 3221227232
174 420 3221227248
174 424 3221227264
174 473 3221227280
174 520 3221227296
174 564 3221227312
174 665 3221227328
174 685 3221227344
174 809 3221227360
174 812 3221227376
174 815 3221227392
174 854 3221227408
174 859 3221227424
174 880 3221227440
175 3 3221227456
175 15 3221227472
175 58 3221227488
175 137 3221227504
175 174 3221227520
175 252 3221227536
175 288 3221227552
175 532 3221227568
175 665 3221227584
176 93 3221227600
176 94 3221227616
176 129 3221227632
176 176 3221227648
176 177 3221227664
176 178 3221227680
176 181 3221227696
176 200 3221227712
176 204 3221227728
176 214 3221227744
176 231 3221227760
176 232 3221227776
176 238 3221227792
176 275 3221227808
176 292 3221227824
176 318 3221227840
176 333 3221227856
176 344 3221227872
176 381 3221227888
176 413 3221227904
176 417 3221227920
176 423 3221227936
176 440 3221227952
176 478 3221227968
176 486 3221227984
176 501 3221228000
176 515 3221228016
176 576 3221228032
176 593 3221228048
176 611 3221228064
176 656 3221228080
177 0 3221228096
177 5 3221228112
177 17 3221228128
177 18 3221228144
177 60 3221228160
177 61 3221228176
177 64 3221228192
177 74 3221228208
177 86 3221228224
177 94 3221228240
177 113 3221228256
177 146 3221228272
177 166 3221228288
177 176 3221228304
177 177 3221228320
177 178 3221228336
177 200 3221228352
177 214 3221228368
177 215 3221228384
177 218 3221228400
177 220 3221228416
177 221 3221228432
177 223 3221228448
177 229 3221228464
177 231 3221228480
177 232 3221228496
177 297 3221228512
177 309 3221228528
177 321 3221228544
177 331 3221228560
177 344 3221228576
177 377 3221228592
177 380 3221228608
177 381 3221228624
177 409 3221228640
177 440 3221228656
177 459 3221228672
177 479 3221228688
177 515 3221228704
177 533 3221228720
177 546 3221228736
177 601 3221228752
177 629 3221228768
177 656 3221228784
178 0 3221228800
178 61 3221228816
178 157 3221228832
178 176 3221228848
178 177 3221228864
178 178 3221228880
178 180 3221228896
178 191 3221228912
178 200 3221228928
178 214 3221228944
178 231 3221228960
178 232 3221228976
178 275 3221228992
178 342 3221229008
178 344 3221229024
178 345 3221229040
178 350 3221229056
178 351 3221229072
178 380 3221229088
178 381 3221229104
178 413 3221229120
178 440 3221229136
178 483 3221229152
178 498 3221229168
178 539 3221229184
178 575 3221229200
178 629 3221229216
178 656 3221229232
178 681 3221229248
179 60 3221229264
179 61 3221229280
179 103 3221229296
179 104 3221229312
179 122 3221229328
179 128 3221229344
179 149 3221229360
179 156 3221229376
179 157 3221229392
179 160 3221229408
179 179 3221229424
179 180 3221229440
179 181 3221229456
179 191 3221229472
179 203 3221229488
179 214 3221229504
179 262 3221229520
179 278 3221229536
179 280 3221229552
179 284 3221229568
179 295 3221229584
179 296 3221229600
179 320 3221229616
179 339 3221229632
179 342 3221229648
179 345 3221229664
179 347 3221229680
179 349 3221229696
179 351 3221229712
179 365 3221229728
179 376 3221229744
179 377 3221229760
179 378 3221229776
179 381 3221229792
179 388 3221229808
179 394 3221229824
179 397 3221229840
179 820 3221229856
179 869 3221229872
180 17 3221229888
180 41 3221229904
180 62 3221229920
180 70 3221229936
180 82 3221229952
180 87 3221229968
180 105 3221229984
180 107 3221230000
180 121 3221230016
180 122 3221230032
180 128 3221230048
180 129 3221230064
180 130 3221230080
180 145 3221230096
180 148 3221230112
180 149 3221230128
180 156 3221230144
180 157 3221230160
180 160 3221230176
180 162 3221230192
180 166 3221230208
180 172 3221230224
180 178 3221230240
180 179 3221230256
180 180 3221230272
180 191 3221230288
180 212 3221230304
180 214 3221230320
180 231 3221230336
180 249 3221230352
180 256 3221230368
180 257 3221230384
180 262 3221230400
180 277 3221230416
180 278 3221230432
180 284 3221230448
180 289 3221230464
180 301 3221230480
180 342 3221230496
180 343 3221230512
180 344 3221230528
180 345 3221230544
180 346 3221230560
180 347 3221230576
180 348 3221230592
180 349 3221230608
180 350 3221230624
180 351 3221230640
180 352 3221230656
180 365 3221230672
180 366 3221230688
180 381 3221230704
180 393 3221230720
180 419 3221230736
180 420 3221230752
180 421 3221230768
180 433 3221230784
180 434 3221230800
180 468 3221230816
180 493 3221230832
180 601 3221230848
180 615 3221230864
180 621 3221230880
180 644 3221230896
180 681 3221230912
180 820 3221230928
180 851 3221230944
180 907 3221230960
180 932 3221230976
180 950 3221230992
181 6 3221231008
181 14 3221231024
181 60 3221231040
181 61 3221231056
181 64 3221231072
181 95 3221231088
181 103 3221231104
181 104 3221231120
181 133 3221231136
181 150 3221231152
181 156 3221231168
181 157 3221231184
181 160 3221231200
181 167 3221231216
181 172 3221231232
181 176 3221231248
181 179 3221231264
181 181 3221231280
181 182 3221231296
181 219 3221231312
181 231 3221231328
181 250 3221231344
181 283 3221231360
181 291 3221231376
181 295 3221231392
181 296 3221231408
181 320 3221231424
181 321 3221231440
181 342 3221231456
181 346 3221231472
181 347 3221231488
181 368 3221231504
181 376 3221231520
181 377 3221231536
181 378 3221231552
181 379 3221231568
181 380 3221231584
181 381 3221231600
181 383 3221231616
181 384 3221231632
181 385 3221231648
181 386 3221231664
181 388 3221231680
181 389 3221231696
181 390 3221231712
181 393 3221231728
181 394 3221231744
181 395 3221231760
181 397 3221231776
181 526 3221231792
181 628 3221231808
181 869 3221231824
181 947 3221231840
181 950 3221231856
182 18 3221231872
182 53 3221231888
182 60 3221231904
182 61 3221231920
182 103 3221231936
182 104 3221231952
182 150 3221231968
182 157 3221231984
182 167 3221232000
182 181 3221232016
182 182 3221232032
182 213 3221232048
182 250 3221232064
182 283 3221232080
182 295 3221232096
182 296 3221232112
182 308 3221232128
182 320 3221232144
182 321 3221232160
182 351 3221232176
182 368 3221232192
182 376 3221232208
182 377 3221232224
182 378 3221232240
182 379 3221232256
182 380 3221232272
182 381 3221232288
182 384 3221232304
182 385 3221232320
182 387 3221232336
182 388 3221232352
182 389 3221232368
182 390 3221232384
182 391 3221232400
182 392 3221232416
182 393 3221232432
182 394 3221232448
182 395 3221232464
182 396 3221232480
182 397 3221232496
182 602 3221232512
182 719 3221232528
182 869 3221232544
182 872 3221232560
183 3 3221232576
183 4 3221232592
183 5 3221232608
183 11 3221232624
183 12 3221232640
183 16 3221232656
183 19 3221232672
183 20 3221232688
183 21 3221232704
183 28 3221232720
183 29 3221232736
183 35 3221232752
183 36 3221232768
183 44 3221232784
183 53 3221232800
183 58 3221232816
183 62 3221232832
183 63 3221232848
183 64 3221232864
183 68 3221232880
183 69 3221232896
183 80 3221232912
183 81 3221232928
183 82 3221232944
183 87 3221232960
183 88 3221232976
183 89 3221232992
183 90 3221233008
183 91 3221233024
183 93 3221233040
183 95 3221233056
183 106 3221233072
183 107 3221233088
183 108 3221233104
183 113 3221233120
183 114 3221233136
183 116 3221233152
183 121 3221233168
183 128 3221233184
183 129 3221233200
183 133 3221233216
183 137 3221233232
183 142 3221233248
183 145 3221233264
183 152 3221233280
183 154 3221233296
183 155 3221233312
183 159 3221233328
183 160 3221233344
183 165 3221233360
183 168 3221233376
183 169 3221233392
183 170 3221233408
183 172 3221233424
183 183 3221233440
183 184 3221233456
183 187 3221233472
183 188 3221233488
183 198 3221233504
183 201 3221233520
183 203 3221233536
183 207 3221233552
183 209 3221233568
183 210 3221233584
183 211 3221233600
183 212 3221233616
183 215 3221233632
183 218 3221233648
183 223 3221233664
183 229 3221233680
183 236 3221233696
183 245 3221233712
183 249 3221233728
183 252 3221233744
183 256 3221233760
183 257 3221233776
183 258 3221233792
183 270 3221233808
183 271 3221233824
183 272 3221233840
183 278 3221233856
183 280 3221233872
183 281 3221233888
183 282 3221233904
183 285 3221233920
183 286 3221233936
183 290 3221233952
183 291 3221233968
183 292 3221233984
183 301 3221234000
183 302 3221234016
183 303 3221234032
183 308 3221234048
183 309 3221234064
183 318 3221234080
183 326 3221234096
183 329 3221234112
183 338 3221234128
183 343 3221234144
183 351 3221234160
183 353 3221234176
183 355 3221234192
183 356 3221234208
183 357 3221234224
183 362 3221234240
183 365 3221234256
183 366 3221234272
183 367 3221234288
183 371 3221234304
183 375 3221234320
183 399 3221234336
183 400 3221234352
183 401 3221234368
183 405 3221234384
183 410 3221234400
183 411 3221234416
183 413 3221234432
183 418 3221234448
183 419 3221234464
183 424 3221234480
183 426 3221234496
183 430 3221234512
183 434 3221234528
183 450 3221234544
183 458 3221234560
183 460 3221234576
183 464 3221234592
183 473 3221234608
183 478 3221234624
183 480 3221234640
183 486 3221234656
183 493 3221234672
183 504 3221234688
183 509 3221234704
183 513 3221234720
183 518 3221234736
183 520 3221234752
183 526 3221234768
183 543 3221234784
183 544 3221234800
183 545 3221234816
183 562 3221234832
183 568 3221234848
183 602 3221234864
183 611 3221234880
183 655 3221234896
183 695 3221234912
183 705 3221234928
183 714 3221234944
183 756 3221234960
183 820 3221234976
183 822 3221234992
183 845 3221235008
183 854 3221235024
183 859 3221235040
183 900 3221235056
183 909 3221235072
183 913 3221235088
183 956 3221235104
184 5 3221235120
184 6 3221235136
184 13 3221235152
184 19 3221235168
184 42 3221235184
184 62 3221235200
184 64 3221235216
184 68 3221235232
184 69 3221235248
184 80 3221235264
184 81 3221235280
184 82 3221235296
184 86 3221235312
184 105 3221235328
184 107 3221235344
184 115 3221235360
184 121 3221235376
184 127 3221235392
184 160 3221235408
184 162 3221235424
184 166 3221235440
184 173 3221235456
184 183 3221235472
184 184 3221235488
184 187 3221235504
184 189 3221235520
184 190 3221235536
184 249 3221235552
184 256 3221235568
184 287 3221235584
184 298 3221235600
184 299 3221235616
184 301 3221235632
184 311 3221235648
184 314 3221235664
184 329 3221235680
184 357 3221235696
184 365 3221235712
184 405 3221235728
184 409 3221235744
184 418 3221235760
184 420 3221235776
184 422 3221235792
184 434 3221235808
184 473 3221235824
184 486 3221235840
184 508 3221235856
184 509 3221235872
184 536 3221235888
184 540 3221235904
184 546 3221235920
184 549 3221235936
184 582 3221235952
184 627 3221235968
184 667 3221235984
184 678 3221236000
184 710 3221236016
184 747 3221236032
184 877 3221236048
184 968 3221236064
184 969 3221236080
185 52 3221236096
185 97 3221236112
185 98 3221236128
185 99 3221236144
185 100 3221236160
185 101 3221236176
185 124 3221236192
185 125 3221236208
185 323 3221236224
185 353 3221236240
185 354 3221236256
185 371 3221236272
185 404 3221236288
185 533 3221236304
185 618 3221236320
185 640 3221236336
185 662 3221236352
185 687 3221236368
185 708 3221236384
185 709 3221236400
185 768 3221236416
185 800 3221236432
186 31 3221236448
186 62 3221236464
186 70 3221236480
186 82 3221236496
186 121 3221236512
186 129 3221236528
186 152 3221236544
186 165 3221236560
186 186 3221236576
186 254 3221236592
186 283 3221236608
186 345 3221236624
186 363 3221236640
186 420 3221236656
186 433 3221236672
186 450 3221236688
186 490 3221236704
186 531 3221236720
186 654 3221236736
186 932 3221236752
187 1 3221236768
187 16 3221236784
187 20 3221236800
187 21 3221236816
187 42 3221236832
187 62 3221236848
187 69 3221236864
187 74 3221236880
187 80 3221236896
187 87 3221236912
187 105 3221236928
187 106 3221236944
187 107 3221236960
187 121 3221236976
187 129 3221236992
187 142 3221237008
187 152 3221237024
187 155 3221237040
187 160 3221237056
187 166 3221237072
187 183 3221237088
187 184 3221237104
187 189 3221237120
187 215 3221237136
187 222 3221237152
187 249 3221237168
187 256 3221237184
187 283 3221237200
187 300 3221237216
187 316 3221237232
187 329 3221237248
187 363 3221237264
187 365 3221237280
187 405 3221237296
187 418 3221237312
187 434 3221237328
187 459 3221237344
187 473 3221237360
187 518 3221237376
187 533 3221237392
187 546 3221237408
187 549 3221237424
187 550 3221237440
187 663 3221237456
187 667 3221237472
187 671 3221237488
187 679 3221237504
187 710 3221237520
187 932 3221237536
188 20 3221237552
188 21 3221237568
188 42 3221237584
188 69 3221237600
188 74 3221237616
188 80 3221237632
188 106 3221237648
188 129 3221237664
188 145 3221237680
188 155 3221237696
188 170 3221237712
188 183 3221237728
188 184 3221237744
188 189 3221237760
188 215 3221237776
188 222 3221237792
188 282 3221237808
188 311 3221237824
188 363 3221237840
188 366 3221237856
188 418 3221237872
188 420 3221237888
188 459 3221237904
188 473 3221237920
188 495 3221237936
188 508 3221237952
188 518 3221237968
188 533 3221237984
188 549 3221238000
188 663 3221238016
188 667 3221238032
188 671 3221238048
188 679 3221238064
188 710 3221238080
189 1 3221238096
189 5 3221238112
189 20 3221238128
189 21 3221238144
189 62 3221238160
189 69 3221238176
189 80 3221238192
189 81 3221238208
189 82 3221238224
189 86 3221238240
189 106 3221238256
189 121 3221238272
189 184 3221238288
189 188 3221238304
189 189 3221238320
189 215 3221238336
189 222 3221238352
189 225 3221238368
189 301 3221238384
189 311 3221238400
189 377 3221238416
189 418 3221238432
189 420 3221238448
189 434 3221238464
189 459 3221238480
189 467 3221238496
189 473 3221238512
189 508 3221238528
189 533 3221238544
189 549 3221238560
189 550 3221238576
189 663 3221238592
189 667 3221238608
189 671 3221238624
189 679 3221238640
189 710 3221238656
189 911 3221238672
189 966 3221238688
190 13 3221238704
190 16 3221238720
190 42 3221238736
190 62 3221238752
190 69 3221238768
190 86 3221238784
190 87 3221238800
190 105 3221238816
190 106 3221238832
190 108 3221238848
190 121 3221238864
190 160 3221238880
190 162 3221238896
190 184 3221238912
190 189 3221238928
190 282 3221238944
190 296 3221238960
190 299 3221238976
190 311 3221238992
190 366 3221239008
190 418 3221239024
190 420 3221239040
190 459 3221239056
190 473 3221239072
190 509 3221239088
190 533 3221239104
191 5 3221239120
191 6 3221239136
191 64 3221239152
191 83 3221239168
191 86 3221239184
191 122 3221239200
191 130 3221239216
191 142 3221239232
191 148 3221239248
191 149 3221239264
191 150 3221239280
191 156 3221239296
191 157 3221239312
191 160 3221239328
191 166 3221239344
191 178 3221239360
191 179 3221239376
191 180 3221239392
191 191 3221239408
191 207 3221239424
191 212 3221239440
191 214 3221239456
191 231 3221239472
191 256 3221239488
191 262 3221239504
191 277 3221239520
191 278 3221239536
191 282 3221239552
191 283 3221239568
191 284 3221239584
191 342 3221239600
191 343 3221239616
191 344 3221239632
191 345 3221239648
191 346 3221239664
191 347 3221239680
191 348 3221239696
191 349 3221239712
191 350 3221239728
191 351 3221239744
191 352 3221239760
191 365 3221239776
191 379 3221239792
191 420 3221239808
191 434 3221239824
191 511 3221239840
191 528 3221239856
191 601 3221239872
191 645 3221239888
191 681 3221239904
191 682 3221239920
191 824 3221239936
191 851 3221239952
191 857 3221239968
191 903 3221239984
191 907 3221240000
192 2 3221240016
192 3 3221240032
192 4 3221240048
192 58 3221240064
192 59 3221240080
192 102 3221240096
192 132 3221240112
192 192 3221240128
192 193 3221240144
192 194 3221240160
192 195 3221240176
192 271 3221240192
192 323 3221240208
192 411 3221240224
192 412 3221240240
192 516 3221240256
192 517 3221240272
192 807 3221240288
193 2 3221240304
193 3 3221240320
193 4 3221240336
193 6 3221240352
193 55 3221240368
193 57 3221240384
193 58 3221240400
193 59 3221240416
193 63 3221240432
193 160 3221240448
193 193 3221240464
193 194 3221240480
193 195 3221240496
193 252 3221240512
193 408 3221240528
193 411 3221240544
193 412 3221240560
193 803 3221240576
193 812 3221240592
193 826 3221240608
193 832 3221240624
193 845 3221240640
193 859 3221240656
193 990 3221240672
194 2 3221240688
194 3 3221240704
194 4 3221240720
194 5 3221240736
194 6 3221240752
194 54 3221240768
194 55 3221240784
194 56 3221240800
194 58 3221240816
194 59 3221240832
194 63 3221240848
194 132 3221240864
194 137 3221240880
194 192 3221240896
194 193 3221240912
194 194 3221240928
194 195 3221240944
194 208 3221240960
194 238 3221240976
194 252 3221240992
194 305 3221241008
194 411 3221241024
194 412 3221241040
194 586 3221241056
194 587 3221241072
194 685 3221241088
194 698 3221241104
194 803 3221241120
194 815 3221241136
194 826 3221241152
194 832 3221241168
194 859 3221241184
194 865 3221241200
194 990 3221241216
195 2 3221241232
195 3 3221241248
195 4 3221241264
195 5 3221241280
195 6 3221241296
195 57 3221241312
195 58 3221241328
195 59 3221241344
195 63 3221241360
195 160 3221241376
195 162 3221241392
195 174 3221241408
195 192 3221241424
195 193 3221241440
195 194 3221241456
195 195 3221241472
195 208 3221241488
195 252 3221241504
195 286 3221241520
195 305 3221241536
195 412 3221241552
195 516 3221241568
195 517 3221241584
195 520 3221241600
195 533 3221241616
195 552 3221241632
195 586 3221241648
195 738 3221241664
195 803 3221241680
195 809 3221241696
195 826 3221241712
195 832 3221241728
195 859 3221241744
196 16 3221241760
196 41 3221241776
196 51 3221241792
196 64 3221241808
196 86 3221241824
196 94 3221241840
196 95 3221241856
196 128 3221241872
196 143 3221241888
196 167 3221241904
196 196 3221241920
196 197 3221241936
196 199 3221241952
196 200 3221241968
196 201 3221241984
196 203 3221242000
196 204 3221242016
196 205 3221242032
196 206 3221242048
196 207 3221242064
196 218 3221242080
196 231 3221242096
196 280 3221242112
196 593 3221242128
196 776 3221242144
196 820 3221242160
196 908 3221242176
196 918 3221242192
197 13 3221242208
197 27 3221242224
197 41 3221242240
197 51 3221242256
197 52 3221242272
197 64 3221242288
197 65 3221242304
197 86 3221242320
197 95 3221242336
197 128 3221242352
197 143 3221242368
197 172 3221242384
197 196 3221242400
197 197 3221242416
197 199 3221242432
197 201 3221242448
197 205 3221242464
197 207 3221242480
197 215 3221242496
197 457 3221242512
197 601 3221242528
197 820 3221242544
197 908 3221242560
197 955 3221242576
198 5 3221242592
198 31 3221242608
198 41 3221242624
198 51 3221242640
198 64 3221242656
198 94 3221242672
198 95 3221242688
198 128 3221242704
198 129 3221242720
198 165 3221242736
198 167 3221242752
198 168 3221242768
198 183 3221242784
198 196 3221242800
198 197 3221242816
198 198 3221242832
198 199 3221242848
198 200 3221242864
198 201 3221242880
198 202 3221242896
198 203 3221242912
198 204 3221242928
198 205 3221242944
198 206 3221242960
198 207 3221242976
198 229 3221242992
198 258 3221243008
198 329 3221243024
198 387 3221243040
198 419 3221243056
198 434 3221243072
198 485 3221243088
198 593 3221243104
198 776 3221243120
198 820 3221243136
199 1 3221243152
199 41 3221243168
199 42 3221243184
199 51 3221243200
199 53 3221243216
199 64 3221243232
199 65 3221243248
199 82 3221243264
199 94 3221243280
199 95 3221243296
199 105 3221243312
199 121 3221243328
199 128 3221243344
199 167 3221243360
199 174 3221243376
199 196 3221243392
199 197 3221243408
199 199 3221243424
199 200 3221243440
199 201 3221243456
199 203 3221243472
199 204 3221243488
199 205 3221243504
199 206 3221243520
199 207 3221243536
199 218 3221243552
199 258 3221243568
199 278 3221243584
199 280 3221243600
199 288 3221243616
199 296 3221243632
199 338 3221243648
199 342 3221243664
199 377 3221243680
199 399 3221243696
199 434 3221243712
199 526 3221243728
199 593 3221243744
199 677 3221243760
199 776 3221243776
199 820 3221243792
199 850 3221243808
199 908 3221243824
199 917 3221243840
199 918 3221243856
200 51 3221243872
200 65 3221243888
200 94 3221243904
200 128 3221243920
200 199 3221243936
200 200 3221243952
200 201 3221243968
200 204 3221243984
200 207 3221244000
200 344 3221244016
200 413 3221244032
200 440 3221244048
200 498 3221244064
200 562 3221244080
200 581 3221244096
200 593 3221244112
200 776 3221244128
200 777 3221244144
200 820 3221244160
200 908 3221244176
200 917 3221244192
200 918 3221244208
201 5 3221244224
201 18 3221244240
201 41 3221244256
201 51 3221244272
201 62 3221244288
201 64 3221244304
201 82 3221244320
201 86 3221244336
201 93 3221244352
201 94 3221244368
201 95 3221244384
201 103 3221244400
201 121 3221244416
201 128 3221244432
201 133 3221244448
201 143 3221244464
201 160 3221244480
201 166 3221244496
201 167 3221244512
201 169 3221244528
201 183 3221244544
201 196 3221244560
201 197 3221244576
201 198 3221244592
201 199 3221244608
201 200 3221244624
201 201 3221244640
201 202 3221244656
201 203 3221244672
201 204 3221244688
201 205 3221244704
201 206 3221244720
201 207 3221244736
201 215 3221244752
201 218 3221244768
201 232 3221244784
201 249 3221244800
201 278 3221244816
201 280 3221244832
201 283 3221244848
201 342 3221244864
201 352 3221244880
201 395 3221244896
201 420 3221244912
201 486 3221244928
201 533 3221244944
201 557 3221244960
201 593 3221244976
201 776 3221244992
201 820 3221245008
201 908 3221245024
202 623 3221245040
204 41 3221245056
204 51 3221245072
204 93 3221245088
204 94 3221245104
204 141 3221245120
204 167 3221245136
204 172 3221245152
204 196 3221245168
204 200 3221245184
204 203 3221245200
204 204 3221245216
204 205 3221245232
204 218 3221245248
204 232 3221245264
204 283 3221245280
204 377 3221245296
204 581 3221245312
204 593 3221245328
204 776 3221245344
204 820 3221245360
205 14 3221245376
205 79 3221245392
205 86 3221245408
205 93 3221245424
205 94 3221245440
205 128 3221245456
205 172 3221245472
205 483 3221245488
205 593 3221245504
205 820 3221245520
205 847 3221245536
205 908 3221245552
205 917 3221245568
205 955 3221245584
206 14 3221245600
206 41 3221245616
206 51 3221245632
206 62 3221245648
206 65 3221245664
206 86 3221245680
206 94 3221245696
206 95 3221245712
206 107 3221245728
206 128 3221245744
206 149 3221245760
206 167 3221245776
206 168 3221245792
206 196 3221245808
206 197 3221245824
206 198 3221245840
206 199 3221245856
206 200 3221245872
206 201 3221245888
206 202 3221245904
206 203 3221245920
206 204 3221245936
206 205 3221245952
206 206 3221245968
206 207 3221245984
206 214 3221246000
206 231 3221246016
206 232 3221246032
206 277 3221246048
206 280 3221246064
206 284 3221246080
206 290 3221246096
206 291 3221246112
206 292 3221246128
206 294 3221246144
206 307 3221246160
206 342 3221246176
206 346 3221246192
206 352 3221246208
206 426 3221246224
206 440 3221246240
206 515 3221246256
206 546 3221246272
206 575 3221246288
206 588 3221246304
206 593 3221246320
206 751 3221246336
206 776 3221246352
206 786 3221246368
206 820 3221246384
206 852 3221246400
206 908 3221246416
206 917 3221246432
206 918 3221246448
206 1000 3221246464
207 5 3221246480
207 41 3221246496
207 95 3221246512
207 107 3221246528
207 128 3221246544
207 160 3221246560
207 172 3221246576
207 183 3221246592
207 197 3221246608
207 199 3221246624
207 201 3221246640
207 207 3221246656
207 343 3221246672
207 820 3221246688
208 4 3221246704
208 63 3221246720
208 137 3221246736
208 155 3221246752
208 194 3221246768
208 195 3221246784
208 208 3221246800
208 211 3221246816
208 285 3221246832
209 5 3221246848
209 11 3221246864
209 13 3221246880
209 15 3221246896
209 16 3221246912
209 42 3221246928
209 56 3221246944
209 58 3221246960
209 62 3221246976
209 63 3221246992
209 64 3221247008
209 71 3221247024
209 83 3221247040
209 84 3221247056
209 88 3221247072
209 96 3221247088
209 107 3221247104
209 121 3221247120
209 126 3221247136
209 128 3221247152
209 131 3221247168
209 137 3221247184
209 139 3221247200
209 140 3221247216
209 154 3221247232
209 155 3221247248
209 158 3221247264
209 159 3221247280
209 160 3221247296
209 166 3221247312
209 174 3221247328
209 183 3221247344
209 209 3221247360
209 210 3221247376
209 211 3221247392
209 233 3221247408
209 234 3221247424
209 235 3221247440
209 236 3221247456
209 237 3221247472
209 238 3221247488
209 240 3221247504
209 241 3221247520
209 242 3221247536
209 243 3221247552
209 244 3221247568
209 249 3221247584
209 252 3221247600
209 271 3221247616
209 273 3221247632
209 282 3221247648
209 283 3221247664
209 285 3221247680
209 286 3221247696
209 301 3221247712
209 303 3221247728
209 319 3221247744
209 365 3221247760
209 371 3221247776
209 411 3221247792
209 420 3221247808
209 424 3221247824
209 490 3221247840
209 494 3221247856
209 518 3221247872
209 541 3221247888
209 543 3221247904
209 546 3221247920
209 587 3221247936
209 601 3221247952
209 631 3221247968
209 637 3221247984
209 639 3221248000
209 812 3221248016
209 845 3221248032
209 909 3221248048
209 924 3221248064
209 963 3221248080
209 977 3221248096
210 3 3221248112
210 16 3221248128
210 45 3221248144
210 46 3221248160
210 62 3221248176
210 63 3221248192
210 82 3221248208
210 83 3221248224
210 87 3221248240
210 88 3221248256
210 105 3221248272
210 106 3221248288
210 107 3221248304
210 114 3221248320
210 121 3221248336
210 128 3221248352
210 129 3221248368
210 132 3221248384
210 137 3221248400
210 142 3221248416
210 158 3221248432
210 159 3221248448
210 160 3221248464
210 169 3221248480
210 174 3221248496
210 183 3221248512
210 208 3221248528
210 209 3221248544
210 210 3221248560
210 211 3221248576
210 212 3221248592
210 233 3221248608
210 234 3221248624
210 235 3221248640
210 236 3221248656
210 240 3221248672
210 241 3221248688
210 242 3221248704
210 243 3221248720
210 244 3221248736
210 245 3221248752
210 249 3221248768
210 252 3221248784
210 256 3221248800
210 269 3221248816
210 271 3221248832
210 282 3221248848
210 283 3221248864
210 290 3221248880
210 303 3221248896
210 305 3221248912
210 363 3221248928
210 365 3221248944
210 371 3221248960
210 405 3221248976
210 420 3221248992
210 424 3221249008
210 434 3221249024
210 489 3221249040
210 513 3221249056
210 926 3221249072
210 927 3221249088
210 931 3221249104
210 963 3221249120
211 2 3221249136
211 3 3221249152
211 4 3221249168
211 5 3221249184
211 6 3221249200
211 11 3221249216
211 13 3221249232
211 15 3221249248
211 16 3221249264
211 21 3221249280
211 44 3221249296
211 45 3221249312
211 46 3221249328
211 48 3221249344
211 54 3221249360
211 55 3221249376
211 56 3221249392
211 57 3221249408
211 58 3221249424
211 62 3221249440
211 63 3221249456
211 64 3221249472
211 66 3221249488
211 81 3221249504
211 82 3221249520
211 83 3221249536
211 84 3221249552
211 87 3221249568
211 88 3221249584
211 96 3221249600
211 103 3221249616
211 106 3221249632
211 107 3221249648
211 114 3221249664
211 117 3221249680
211 121 3221249696
211 126 3221249712
211 128 3221249728
211 129 3221249744
211 131 3221249760
211 132 3221249776
211 137 3221249792
211 138 3221249808
211 152 3221249824
211 153 3221249840
211 155 3221249856
211 169 3221249872
211 174 3221249888
211 183 3221249904
211 194 3221249920
211 195 3221249936
211 208 3221249952
211 209 3221249968
211 210 3221249984
211 211 3221250000
211 212 3221250016
211 214 3221250032
211 215 3221250048
211 236 3221250064
211 238 3221250080
211 240 3221250096
211 243 3221250112
211 249 3221250128
211 252 3221250144
211 255 3221250160
211 256 3221250176
211 258 3221250192
211 271 3221250208
211 281 3221250224
211 283 3221250240
211 285 3221250256
211 286 3221250272
211 290 3221250288
211 301 3221250304
211 303 3221250320
211 304 3221250336
211 305 3221250352
211 308 3221250368
211 329 3221250384
211 333 3221250400
211 338 3221250416
211 340 3221250432
211 355 3221250448
211 363 3221250464
211 364 3221250480
211 365 3221250496
211 371 3221250512
211 375 3221250528
211 389 3221250544
211 402 3221250560
211 405 3221250576
211 408 3221250592
211 411 3221250608
211 412 3221250624
211 419 3221250640
211 420 3221250656
211 424 3221250672
211 430 3221250688
211 434 3221250704
211 450 3221250720
211 455 3221250736
211 460 3221250752
211 462 3221250768
211 464 3221250784
211 469 3221250800
211 473 3221250816
211 480 3221250832
211 481 3221250848
211 489 3221250864
211 495 3221250880
211 506 3221250896
211 513 3221250912
211 518 3221250928
211 532 3221250944
211 546 3221250960
211 552 3221250976
211 560 3221250992
211 571 3221251008
211 582 3221251024
