295 384 4831838208
295 385 4831838224
295 386 4831838240
295 387 4831838256
295 388 4831838272
295 389 4831838288
295 390 4831838304
295 391 4831838320
295 392 4831838336
295 393 4831838352
295 394 4831838368
295 395 4831838384
295 396 4831838400
295 397 4831838416
295 398 4831838432
295 424 4831838448
295 434 4831838464
295 450 4831838480
295 459 4831838496
295 471 4831838512
295 472 4831838528
295 486 4831838544
295 521 4831838560
295 560 4831838576
295 576 4831838592
295 585 4831838608
295 628 4831838624
295 717 4831838640
295 947 4831838656
296 62 4831838672
296 103 4831838688
296 105 4831838704
296 107 4831838720
296 179 4831838736
296 181 4831838752
296 203 4831838768
296 256 4831838784
296 295 4831838800
296 296 4831838816
296 342 4831838832
296 351 4831838848
296 376 4831838864
296 377 4831838880
296 379 4831838896
296 380 4831838912
296 385 4831838928
296 387 4831838944
296 393 4831838960
296 395 4831838976
296 397 4831838992
297 17 4831839008
297 49 4831839024
297 73 4831839040
297 74 4831839056
297 86 4831839072
297 177 4831839088
297 248 4831839104
297 260 4831839120
297 309 4831839136
297 311 4831839152
297 341 4831839168
297 696 4831839184
297 905 4831839200
298 42 4831839216
298 106 4831839232
298 137 4831839248
298 184 4831839264
298 246 4831839280
298 287 4831839296
298 299 4831839312
298 301 4831839328
298 473 4831839344
298 507 4831839360
298 536 4831839376
298 549 4831839392
298 551 4831839408
298 685 4831839424
299 6 4831839440
299 80 4831839456
299 81 4831839472
299 146 4831839488
299 171 4831839504
299 184 4831839520
299 190 4831839536
299 287 4831839552
299 299 4831839568
299 418 4831839584
299 473 4831839600
299 509 4831839616
299 546 4831839632
299 551 4831839648
299 590 4831839664
299 700 4831839680
299 710 4831839696
299 855 4831839712
299 968 4831839728
300 2 4831839744
300 10 4831839760
300 11 4831839776
300 12 4831839792
300 21 4831839808
300 42 4831839824
300 44 4831839840
300 45 4831839856
300 46 4831839872
300 62 4831839888
300 64 4831839904
300 68 4831839920
300 81 4831839936
300 87 4831839952
300 97 4831839968
300 100 4831839984
300 101 4831840000
300 102 4831840016
300 106 4831840032
300 107 4831840048
300 108 4831840064
300 118 4831840080
300 124 4831840096
300 126 4831840112
300 128 4831840128
300 142 4831840144
300 145 4831840160
300 158 4831840176
300 160 4831840192
300 161 4831840208
300 169 4831840224
300 173 4831840240
300 183 4831840256
300 187 4831840272
300 194 4831840288
300 209 4831840304
300 210 4831840320
300 218 4831840336
300 226 4831840352
300 255 4831840368
300 263 4831840384
300 268 4831840400
300 269 4831840416
300 282 4831840432
300 283 4831840448
300 300 4831840464
300 303 4831840480
300 312 4831840496
300 314 4831840512
300 323 4831840528
300 329 4831840544
300 355 4831840560
300 367 4831840576
300 371 4831840592
300 405 4831840608
300 419 4831840624
300 434 4831840640
300 444 4831840656
300 460 4831840672
300 475 4831840688
300 495 4831840704
300 531 4831840720
300 638 4831840736
300 642 4831840752
300 662 4831840768
300 739 4831840784
300 828 4831840800
300 889 4831840816
300 892 4831840832
300 896 4831840848
301 4 4831840864
301 8 4831840880
301 13 4831840896
301 21 4831840912
301 22 4831840928
301 25 4831840944
301 28 4831840960
301 29 4831840976
301 35 4831840992
301 36 4831841008
301 52 4831841024
301 61 4831841040
301 63 4831841056
301 81 4831841072
301 93 4831841088
301 100 4831841104
301 108 4831841120
301 113 4831841136
301 118 4831841152
301 132 4831841168
301 137 4831841184
301 138 4831841200
301 147 4831841216
301 155 4831841232
301 157 4831841248
301 159 4831841264
301 166 4831841280
301 168 4831841296
301 169 4831841312
301 170 4831841328
301 173 4831841344
301 180 4831841360
301 183 4831841376
301 184 4831841392
301 189 4831841408
301 199 4831841424
301 209 4831841440
301 211 4831841456
301 214 4831841472
301 216 4831841488
301 225 4831841504
301 228 4831841520
301 244 4831841536
301 248 4831841552
301 262 4831841568
301 268 4831841584
301 269 4831841600
301 276 4831841616
301 281 4831841632
301 284 4831841648
301 285 4831841664
301 290 4831841680
301 294 4831841696
301 301 4831841712
301 312 4831841728
301 314 4831841744
301 321 4831841760
301 327 4831841776
301 337 4831841792
301 340 4831841808
301 362 4831841824
301 368 4831841840
301 393 4831841856
301 420 4831841872
301 423 4831841888
301 428 4831841904
301 445 4831841920
301 473 4831841936
301 474 4831841952
301 482 4831841968
301 502 4831841984
301 511 4831842000
301 581 4831842016
301 596 4831842032
301 597 4831842048
301 624 4831842064
301 641 4831842080
301 651 4831842096
301 655 4831842112
301 747 4831842128
301 809 4831842144
301 818 4831842160
301 856 4831842176
301 857 4831842192
301 930 4831842208
301 931 4831842224
301 963 4831842240
302 5 4831842256
302 88 4831842272
302 89 4831842288
302 96 4831842304
302 123 4831842320
302 160 4831842336
302 183 4831842352
302 238 4831842368
302 252 4831842384
302 285 4831842400
302 302 4831842416
302 303 4831842432
302 304 4831842448
302 333 4831842464
302 419 4831842480
302 438 4831842496
302 455 4831842512
302 809 4831842528
303 3 4831842544
303 4 4831842560
303 5 4831842576
303 13 4831842592
303 15 4831842608
303 21 4831842624
303 28 4831842640
303 46 4831842656
303 56 4831842672
303 57 4831842688
303 58 4831842704
303 59 4831842720
303 62 4831842736
303 63 4831842752
303 80 4831842768
303 81 4831842784
303 82 4831842800
303 87 4831842816
303 88 4831842832
303 89 4831842848
303 96 4831842864
303 105 4831842880
303 106 4831842896
303 114 4831842912
303 121 4831842928
303 128 4831842944
303 129 4831842960
303 137 4831842976
303 159 4831842992
303 166 4831843008
303 169 4831843024
303 170 4831843040
303 174 4831843056
303 183 4831843072
303 209 4831843088
303 210 4831843104
303 211 4831843120
303 212 4831843136
303 235 4831843152
303 236 4831843168
303 242 4831843184
303 244 4831843200
303 249 4831843216
303 252 4831843232
303 256 4831843248
303 271 4831843264
303 280 4831843280
303 281 4831843296
303 283 4831843312
303 285 4831843328
303 286 4831843344
303 300 4831843360
303 301 4831843376
303 302 4831843392
303 303 4831843408
303 304 4831843424
303 329 4831843440
303 340 4831843456
303 355 4831843472
303 356 4831843488
303 362 4831843504
303 363 4831843520
303 365 4831843536
303 367 4831843552
303 369 4831843568
303 371 4831843584
303 405 4831843600
303 411 4831843616
303 412 4831843632
303 423 4831843648
303 424 4831843664
303 434 4831843680
303 520 4831843696
303 544 4831843712
303 551 4831843728
303 571 4831843744
303 610 4831843760
303 619 4831843776
303 630 4831843792
303 738 4831843808
303 807 4831843824
303 845 4831843840
303 859 4831843856
303 896 4831843872
303 909 4831843888
303 924 4831843904
303 950 4831843920
304 16 4831843936
304 54 4831843952
304 58 4831843968
304 82 4831843984
304 86 4831844000
304 87 4831844016
304 88 4831844032
304 89 4831844048
304 96 4831844064
304 211 4831844080
304 252 4831844096
304 256 4831844112
304 271 4831844128
304 285 4831844144
304 302 4831844160
304 303 4831844176
304 304 4831844192
304 369 4831844208
304 420 4831844224
304 424 4831844240
304 455 4831844256
304 809 4831844272
305 2 4831844288
305 4 4831844304
305 5 4831844320
305 6 4831844336
305 16 4831844352
305 54 4831844368
305 55 4831844384
305 56 4831844400
305 57 4831844416
305 58 4831844432
305 59 4831844448
305 63 4831844464
305 64 4831844480
305 84 4831844496
305 131 4831844512
305 132 4831844528
305 137 4831844544
305 138 4831844560
305 194 4831844576
305 195 4831844592
305 208 4831844608
305 210 4831844624
305 211 4831844640
305 243 4831844656
305 252 4831844672
305 271 4831844688
305 281 4831844704
305 285 4831844720
305 286 4831844736
305 305 4831844752
305 408 4831844768
305 411 4831844784
305 412 4831844800
305 420 4831844816
305 481 4831844832
305 483 4831844848
305 489 4831844864
305 494 4831844880
305 516 4831844896
305 517 4831844912
305 520 4831844928
305 552 4831844944
305 604 4831844960
305 683 4831844976
305 685 4831844992
305 698 4831845008
305 718 4831845024
305 738 4831845040
305 809 4831845056
305 845 4831845072
305 865 4831845088
305 880 4831845104
305 949 4831845120
305 990 4831845136
306 10 4831845152
306 20 4831845168
306 21 4831845184
306 28 4831845200
306 51 4831845216
306 62 4831845232
306 64 4831845248
306 68 4831845264
306 69 4831845280
306 81 4831845296
306 86 4831845312
306 91 4831845328
306 93 4831845344
306 107 4831845360
306 113 4831845376
306 128 4831845392
306 141 4831845408
306 160 4831845424
306 169 4831845440
306 173 4831845456
306 215 4831845472
306 256 4831845488
306 306 4831845504
306 325 4831845520
306 326 4831845536
306 327 4831845552
306 329 4831845568
306 366 4831845584
306 400 4831845600
306 434 4831845616
306 478 4831845632
306 509 4831845648
306 511 4831845664
306 538 4831845680
306 549 4831845696
306 550 4831845712
306 723 4831845728
306 728 4831845744
306 733 4831845760
306 825 4831845776
307 17 4831845792
307 18 4831845808
307 74 4831845824
307 85 4831845840
307 114 4831845856
307 177 4831845872
307 206 4831845888
307 218 4831845904
307 226 4831845920
307 301 4831845936
307 307 4831845952
307 310 4831845968
307 314 4831845984
307 317 4831846000
307 347 4831846016
307 376 4831846032
307 537 4831846048
307 588 4831846064
307 696 4831846080
307 872 4831846096
308 6 4831846112
308 16 4831846128
308 17 4831846144
308 21 4831846160
308 121 4831846176
308 129 4831846192
308 133 4831846208
308 166 4831846224
308 169 4831846240
308 211 4831846256
308 256 4831846272
308 283 4831846288
308 295 4831846304
308 308 4831846320
308 320 4831846336
308 396 4831846352
308 411 4831846368
308 424 4831846384
308 430 4831846400
308 434 4831846416
308 438 4831846432
308 462 4831846448
308 494 4831846464
308 532 4831846480
309 0 4831846496
309 5 4831846512
309 17 4831846528
309 18 4831846544
309 42 4831846560
309 73 4831846576
309 74 4831846592
309 85 4831846608
309 95 4831846624
309 120 4831846640
309 133 4831846656
309 177 4831846672
309 183 4831846688
309 215 4831846704
309 218 4831846720
309 219 4831846736
309 221 4831846752
309 222 4831846768
309 223 4831846784
309 224 4831846800
309 225 4831846816
309 226 4831846832
309 228 4831846848
309 248 4831846864
309 268 4831846880
309 272 4831846896
309 297 4831846912
309 309 4831846928
309 310 4831846944
309 311 4831846960
309 312 4831846976
309 313 4831846992
309 314 4831847008
309 316 4831847024
309 317 4831847040
309 341 4831847056
309 400 4831847072
309 511 4831847088
309 612 4831847104
309 615 4831847120
309 872 4831847136
310 1 4831847152
310 17 4831847168
310 18 4831847184
310 62 4831847200
310 78 4831847216
310 82 4831847232
310 85 4831847248
310 105 4831847264
310 107 4831847280
310 160 4831847296
310 170 4831847312
310 221 4831847328
310 249 4831847344
310 272 4831847360
310 313 4831847376
310 317 4831847392
310 340 4831847408
310 365 4831847424
310 366 4831847440
310 445 4831847456
310 494 4831847472
310 581 4831847488
310 932 4831847504
311 16 4831847520
311 17 4831847536
311 73 4831847552
311 74 4831847568
311 106 4831847584
311 184 4831847600
311 188 4831847616
311 190 4831847632
311 215 4831847648
311 218 4831847664
311 222 4831847680
311 225 4831847696
311 248 4831847712
311 260 4831847728
311 268 4831847744
311 297 4831847760
311 301 4831847776
311 309 4831847792
311 420 4831847808
311 424 4831847824
311 459 4831847840
311 494 4831847856
311 756 4831847872
312 17 4831847888
312 62 4831847904
312 74 4831847920
312 85 4831847936
312 177 4831847952
312 189 4831847968
312 221 4831847984
312 225 4831848000
312 228 4831848016
312 232 4831848032
312 255 4831848048
312 256 4831848064
312 301 4831848080
312 311 4831848096
312 317 4831848112
312 366 4831848128
312 377 4831848144
312 420 4831848160
312 494 4831848176
312 841 4831848192
313 17 4831848208
313 73 4831848224
313 215 4831848240
313 313 4831848256
313 560 4831848272
313 623 4831848288
314 17 4831848304
314 18 4831848320
314 21 4831848336
314 52 4831848352
314 62 4831848368
314 74 4831848384
314 85 4831848400
314 105 4831848416
314 106 4831848432
314 107 4831848448
314 160 4831848464
314 161 4831848480
314 165 4831848496
314 166 4831848512
314 184 4831848528
314 189 4831848544
314 215 4831848560
314 218 4831848576
314 219 4831848592
314 221 4831848608
314 222 4831848624
314 223 4831848640
314 225 4831848656
314 226 4831848672
314 228 4831848688
314 255 4831848704
314 256 4831848720
314 283 4831848736
314 295 4831848752
314 301 4831848768
314 307 4831848784
314 310 4831848800
314 312 4831848816
314 314 4831848832
314 317 4831848848
314 340 4831848864
314 363 4831848880
314 365 4831848896
314 405 4831848912
314 418 4831848928
314 420 4831848944
314 434 4831848960
314 495 4831848976
314 507 4831848992
314 726 4831849008
314 764 4831849024
314 872 4831849040
316 0 4831849056
316 1 4831849072
316 6 4831849088
316 17 4831849104
316 121 4831849120
316 146 4831849136
316 160 4831849152
316 187 4831849168
316 215 4831849184
316 221 4831849200
316 222 4831849216
316 223 4831849232
316 231 4831849248
316 268 4831849264
316 297 4831849280
316 309 4831849296
316 316 4831849312
316 379 4831849328
316 420 4831849344
316 459 4831849360
316 465 4831849376
316 468 4831849392
316 560 4831849408
316 758 4831849424
317 1 4831849440
317 17 4831849456
317 18 4831849472
317 73 4831849488
317 74 4831849504
317 85 4831849520
317 116 4831849536
317 221 4831849552
317 223 4831849568
317 226 4831849584
317 248 4831849600
317 309 4831849616
317 310 4831849632
317 312 4831849648
317 313 4831849664
317 314 4831849680
317 366 4831849696
317 485 4831849712
318 5 4831849728
318 36 4831849744
318 40 4831849760
318 47 4831849776
318 48 4831849792
318 64 4831849808
318 76 4831849824
318 82 4831849840
318 86 4831849856
318 107 4831849872
318 113 4831849888
318 114 4831849904
318 115 4831849920
318 121 4831849936
318 127 4831849952
318 160 4831849968
318 169 4831849984
318 170 4831850000
318 171 4831850016
318 183 4831850032
318 245 4831850048
318 263 4831850064
318 283 4831850080
318 318 4831850096
318 326 4831850112
318 333 4831850128
318 338 4831850144
318 361 4831850160
318 409 4831850176
318 417 4831850192
318 420 4831850208
318 423 4831850224
318 424 4831850240
318 426 4831850256
318 442 4831850272
318 443 4831850288
318 444 4831850304
318 455 4831850320
318 482 4831850336
318 485 4831850352
318 486 4831850368
318 494 4831850384
318 527 4831850400
318 547 4831850416
318 615 4831850432
318 725 4831850448
319 319 4831850464
320 60 4831850480
320 61 4831850496
320 94 4831850512
320 103 4831850528
320 104 4831850544
320 156 4831850560
320 157 4831850576
320 160 4831850592
320 179 4831850608
320 181 4831850624
320 182 4831850640
320 213 4831850656
320 232 4831850672
320 250 4831850688
320 283 4831850704
320 295 4831850720
320 296 4831850736
320 320 4831850752
320 321 4831850768
320 333 4831850784
320 349 4831850800
320 350 4831850816
320 351 4831850832
320 368 4831850848
320 377 4831850864
320 379 4831850880
320 380 4831850896
320 381 4831850912
320 389 4831850928
320 391 4831850944
320 393 4831850960
320 394 4831850976
320 396 4831850992
320 397 4831851008
320 434 4831851024
320 483 4831851040
320 593 4831851056
320 616 4831851072
320 628 4831851088
320 734 4831851104
320 868 4831851120
320 947 4831851136
321 38 4831851152
321 60 4831851168
321 61 4831851184
321 103 4831851200
321 104 4831851216
321 150 4831851232
321 156 4831851248
321 157 4831851264
321 160 4831851280
321 177 4831851296
321 179 4831851312
321 181 4831851328
321 182 4831851344
321 232 4831851360
321 250 4831851376
321 283 4831851392
321 295 4831851408
321 296 4831851424
321 320 4831851440
321 321 4831851456
321 349 4831851472
321 351 4831851488
321 368 4831851504
321 376 4831851520
321 377 4831851536
321 378 4831851552
321 379 4831851568
321 380 4831851584
321 381 4831851600
321 384 4831851616
321 385 4831851632
321 387 4831851648
321 388 4831851664
321 389 4831851680
321 390 4831851696
321 391 4831851712
321 392 4831851728
321 393 4831851744
321 394 4831851760
321 395 4831851776
321 396 4831851792
321 397 4831851808
321 440 4831851824
321 483 4831851840
321 533 4831851856
321 546 4831851872
321 560 4831851888
321 579 4831851904
321 592 4831851920
321 697 4831851936
321 810 4831851952
321 904 4831851968
321 947 4831851984
322 15 4831852000
322 45 4831852016
322 139 4831852032
322 140 4831852048
322 269 4831852064
322 272 4831852080
322 273 4831852096
322 322 4831852112
322 334 4831852128
322 335 4831852144
322 428 4831852160
322 429 4831852176
322 434 4831852192
322 446 4831852208
322 447 4831852224
322 448 4831852240
322 461 4831852256
322 533 4831852272
322 592 4831852288
322 676 4831852304
322 735 4831852320
322 794 4831852336
322 929 4831852352
322 933 4831852368
323 2 4831852384
323 3 4831852400
323 4 4831852416
323 5 4831852432
323 6 4831852448
323 64 4831852464
323 97 4831852480
323 98 4831852496
323 99 4831852512
323 100 4831852528
323 101 4831852544
323 102 4831852560
323 124 4831852576
323 125 4831852592
323 160 4831852608
323 162 4831852624
323 185 4831852640
323 192 4831852656
323 271 4831852672
323 300 4831852688
323 323 4831852704
323 353 4831852720
323 354 4831852736
323 371 4831852752
323 404 4831852768
323 447 4831852784
323 618 4831852800
323 640 4831852816
323 654 4831852832
323 662 4831852848
323 708 4831852864
323 768 4831852880
324 10 4831852896
324 11 4831852912
324 19 4831852928
324 43 4831852944
324 44 4831852960
324 63 4831852976
324 466 4831852992
324 555 4831853008
324 558 4831853024
324 666 4831853040
324 720 4831853056
325 10 4831853072
325 21 4831853088
325 65 4831853104
325 69 4831853120
325 82 4831853136
325 96 4831853152
325 143 4831853168
325 173 4831853184
325 260 4831853200
325 325 4831853216
325 327 4831853232
325 509 4831853248
325 945 4831853264
325 962 4831853280
326 10 4831853296
326 13 4831853312
326 20 4831853328
326 21 4831853344
326 64 4831853360
326 86 4831853376
326 87 4831853392
326 96 4831853408
326 107 4831853424
326 118 4831853440
326 121 4831853456
326 143 4831853472
326 155 4831853488
326 173 4831853504
326 245 4831853520
326 306 4831853536
326 325 4831853552
326 326 4831853568
326 327 4831853584
326 420 4831853600
326 543 4831853616
326 733 4831853632
326 923 4831853648
327 5 4831853664
327 6 4831853680
327 10 4831853696
327 11 4831853712
327 20 4831853728
327 21 4831853744
327 105 4831853760
327 107 4831853776
327 128 4831853792
327 141 4831853808
327 160 4831853824
327 173 4831853840
327 249 4831853856
327 259 4831853872
327 301 4831853888
327 306 4831853904
327 325 4831853920
327 326 4831853936
327 327 4831853952
327 328 4831853968
327 416 4831853984
327 473 4831854000
327 486 4831854016
327 728 4831854032
327 733 4831854048
327 820 4831854064
327 894 4831854080
327 945 4831854096
328 66 4831854112
328 90 4831854128
328 91 4831854144
328 108 4831854160
328 143 4831854176
328 328 4831854192
328 329 4831854208
328 331 4831854224
328 357 4831854240
328 375 4831854256
328 459 4831854272
328 474 4831854288
328 478 4831854304
328 494 4831854320
328 514 4831854336
329 4 4831854352
329 13 4831854368
329 20 4831854384
329 21 4831854400
329 28 4831854416
329 42 4831854432
329 46 4831854448
329 62 4831854464
329 63 4831854480
329 66 4831854496
329 68 4831854512
329 69 4831854528
329 80 4831854544
329 81 4831854560
329 83 4831854576
329 87 4831854592
329 90 4831854608
329 91 4831854624
329 96 4831854640
329 105 4831854656
329 106 4831854672
329 107 4831854688
329 108 4831854704
329 113 4831854720
329 114 4831854736
329 128 4831854752
329 129 4831854768
329 137 4831854784
329 143 4831854800
329 160 4831854816
329 169 4831854832
329 183 4831854848
329 184 4831854864
329 187 4831854880
329 190 4831854896
329 198 4831854912
329 208 4831854928
329 210 4831854944
329 211 4831854960
329 245 4831854976
329 249 4831854992
329 255 4831855008
329 258 4831855024
329 283 4831855040
329 286 4831855056
329 290 4831855072
329 300 4831855088
329 303 4831855104
329 328 4831855120
329 329 4831855136
329 340 4831855152
329 351 4831855168
329 355 4831855184
329 356 4831855200
329 357 4831855216
329 363 4831855232
329 365 4831855248
329 367 4831855264
329 371 4831855280
329 375 4831855296
329 410 4831855312
329 419 4831855328
329 434 4831855344
329 469 4831855360
329 474 4831855376
329 476 4831855392
329 477 4831855408
329 478 4831855424
329 480 4831855440
329 486 4831855456
329 495 4831855472
329 514 4831855488
329 568 4831855504
329 576 4831855520
329 652 4831855536
329 671 4831855552
329 989 4831855568
330 64 4831855584
330 73 4831855600
330 74 4831855616
330 223 4831855632
330 330 4831855648
330 438 4831855664
331 19 4831855680
331 29 4831855696
331 44 4831855712
331 73 4831855728
331 74 4831855744
331 166 4831855760
331 222 4831855776
331 223 4831855792
331 225 4831855808
331 260 4831855824
331 295 4831855840
331 328 4831855856
331 340 4831855872
331 358 4831855888
331 362 4831855904
331 459 4831855920
331 464 4831855936
331 482 4831855952
331 707 4831855968
331 764 4831855984
332 44 4831856000
332 213 4831856016
332 358 4831856032
332 359 4831856048
332 406 4831856064
332 407 4831856080
332 421 4831856096
332 487 4831856112
332 499 4831856128
332 500 4831856144
332 502 4831856160
332 504 4831856176
332 505 4831856192
332 506 4831856208
332 523 4831856224
332 525 4831856240
332 529 4831856256
332 608 4831856272
332 699 4831856288
332 700 4831856304
332 707 4831856320
332 720 4831856336
332 836 4831856352
333 5 4831856368
333 17 4831856384
333 21 4831856400
333 23 4831856416
333 28 4831856432
333 36 4831856448
333 41 4831856464
333 47 4831856480
333 48 4831856496
333 58 4831856512
333 62 4831856528
333 76 4831856544
333 77 4831856560
333 81 4831856576
333 82 4831856592
333 83 4831856608
333 84 4831856624
333 87 4831856640
333 89 4831856656
333 96 4831856672
333 105 4831856688
333 107 4831856704
333 113 4831856720
333 114 4831856736
333 115 4831856752
333 121 4831856768
333 128 4831856784
333 129 4831856800
333 133 4831856816
333 142 4831856832
333 145 4831856848
333 152 4831856864
333 153 4831856880
333 154 4831856896
333 155 4831856912
333 160 4831856928
333 162 4831856944
333 163 4831856960
333 165 4831856976
333 166 4831856992
333 169 4831857008
333 171 4831857024
333 172 4831857040
333 173 4831857056
333 176 4831857072
333 180 4831857088
333 211 4831857104
333 212 4831857120
333 230 4831857136
333 233 4831857152
333 245 4831857168
333 249 4831857184
333 252 4831857200
333 253 4831857216
333 256 4831857232
333 261 4831857248
333 263 4831857264
333 269 4831857280
333 271 4831857296
333 279 4831857312
333 280 4831857328
333 281 4831857344
333 282 4831857360
333 283 4831857376
333 288 4831857392
333 302 4831857408
333 318 4831857424
333 320 4831857440
333 329 4831857456
333 333 4831857472
333 340 4831857488
333 355 4831857504
333 361 4831857520
333 366 4831857536
333 367 4831857552
333 393 4831857568
333 404 4831857584
333 411 4831857600
333 417 4831857616
333 419 4831857632
333 421 4831857648
333 422 4831857664
333 423 4831857680
333 427 4831857696
333 434 4831857712
333 438 4831857728
333 441 4831857744
333 442 4831857760
333 443 4831857776
333 444 4831857792
333 455 4831857808
333 460 4831857824
333 471 4831857840
333 473 4831857856
333 474 4831857872
333 485 4831857888
333 486 4831857904
333 492 4831857920
333 493 4831857936
333 516 4831857952
333 517 4831857968
333 518 4831857984
333 527 4831858000
333 531 4831858016
333 533 4831858032
333 546 4831858048
333 547 4831858064
333 577 4831858080
333 601 4831858096
333 609 4831858112
333 627 4831858128
333 641 4831858144
333 654 4831858160
333 736 4831858176
333 820 4831858192
333 847 4831858208
333 895 4831858224
333 919 4831858240
333 925 4831858256
333 932 4831858272
333 950 4831858288
333 976 4831858304
333 981 4831858320
333 983 4831858336
333 984 4831858352
334 15 4831858368
334 46 4831858384
334 139 4831858400
334 140 4831858416
334 164 4831858432
334 269 4831858448
334 274 4831858464
334 322 4831858480
334 334 4831858496
334 335 4831858512
334 448 4831858528
334 579 4831858544
334 592 4831858560
334 929 4831858576
334 933 4831858592
335 15 4831858608
335 45 4831858624
335 97 4831858640
335 124 4831858656
335 139 4831858672
335 164 4831858688
335 269 4831858704
335 274 4831858720
335 322 4831858736
335 334 4831858752
335 335 4831858768
335 429 4831858784
335 447 4831858800
335 448 4831858816
335 533 4831858832
335 592 4831858848
335 760 4831858864
335 794 4831858880
335 929 4831858896
335 933 4831858912
336 27 4831858928
336 41 4831858944
336 84 4831858960
336 92 4831858976
336 115 4831858992
336 116 4831859008
336 135 4831859024
336 136 4831859040
336 165 4831859056
336 169 4831859072
336 170 4831859088
336 251 4831859104
336 260 4831859120
336 280 4831859136
336 336 4831859152
336 337 4831859168
336 338 4831859184
336 339 4831859200
336 400 4831859216
336 438 4831859232
336 485 4831859248
336 883 4831859264
337 5 4831859280
337 6 4831859296
337 16 4831859312
337 23 4831859328
337 27 4831859344
337 30 4831859360
337 82 4831859376
337 96 4831859392
337 115 4831859408
337 116 4831859424
337 123 4831859440
337 135 4831859456
337 136 4831859472
337 160 4831859488
337 165 4831859504
337 169 4831859520
337 170 4831859536
337 245 4831859552
337 301 4831859568
337 336 4831859584
337 337 4831859600
337 338 4831859616
337 367 4831859632
337 420 4831859648
337 424 4831859664
337 437 4831859680
337 438 4831859696
337 511 4831859712
337 548 4831859728
337 883 4831859744
338 16 4831859760
338 28 4831859776
338 31 4831859792
338 32 4831859808
338 35 4831859824
338 37 4831859840
338 48 4831859856
338 62 4831859872
338 96 4831859888
338 107 4831859904
338 113 4831859920
338 114 4831859936
338 115 4831859952
338 116 4831859968
338 121 4831859984
338 123 4831860000
338 135 4831860016
338 136 4831860032
338 160 4831860048
338 165 4831860064
338 169 4831860080
338 170 4831860096
338 183 4831860112
338 211 4831860128
338 229 4831860144
338 245 4831860160
338 252 4831860176
338 256 4831860192
338 263 4831860208
338 318 4831860224
338 336 4831860240
338 337 4831860256
338 338 4831860272
338 339 4831860288
338 365 4831860304
338 367 4831860320
338 420 4831860336
338 434 4831860352
338 437 4831860368
338 438 4831860384
338 439 4831860400
338 455 4831860416
338 485 4831860432
338 724 4831860448
338 860 4831860464
338 900 4831860480
338 914 4831860496
338 987 4831860512
339 10 4831860528
339 14 4831860544
339 25 4831860560
339 26 4831860576
339 27 4831860592
339 29 4831860608
339 30 4831860624
339 32 4831860640
339 33 4831860656
339 34 4831860672
339 35 4831860688
339 38 4831860704
339 39 4831860720
339 40 4831860736
339 79 4831860752
339 96 4831860768
339 113 4831860784
339 115 4831860800
339 116 4831860816
339 135 4831860832
339 136 4831860848
339 151 4831860864
339 165 4831860880
339 167 4831860896
339 169 4831860912
339 170 4831860928
339 171 4831860944
339 179 4831860960
339 245 4831860976
339 251 4831860992
339 261 4831861008
339 336 4831861024
339 337 4831861040
339 338 4831861056
339 339 4831861072
339 340 4831861088
339 361 4831861104
339 370 4831861120
339 417 4831861136
339 437 4831861152
339 438 4831861168
339 443 4831861184
339 455 4831861200
339 464 4831861216
339 547 4831861232
339 725 4831861248
339 818 4831861264
339 883 4831861280
339 987 4831861296
340 10 4831861312
340 16 4831861328
340 28 4831861344
340 46 4831861360
340 62 4831861376
340 74 4831861392
340 78 4831861408
340 79 4831861424
340 82 4831861440
340 83 4831861456
340 86 4831861472
340 105 4831861488
340 107 4831861504
340 114 4831861520
340 121 4831861536
340 128 4831861552
340 129 4831861568
340 133 4831861584
340 134 4831861600
340 142 4831861616
340 143 4831861632
340 160 4831861648
340 165 4831861664
340 166 4831861680
340 167 4831861696
340 173 4831861712
340 179 4831861728
340 212 4831861744
340 217 4831861760
340 218 4831861776
340 249 4831861792
340 251 4831861808
340 256 4831861824
340 274 4831861840
340 280 4831861856
340 282 4831861872
340 290 4831861888
340 310 4831861904
340 314 4831861920
340 325 4831861936
340 333 4831861952
340 339 4831861968
340 340 4831861984
340 371 4831862000
340 375 4831862016
340 405 4831862032
340 419 4831862048
340 434 4831862064
340 438 4831862080
340 450 4831862096
340 464 4831862112
340 473 4831862128
340 482 4831862144
340 494 4831862160
340 497 4831862176
340 521 4831862192
340 531 4831862208
340 535 4831862224
340 546 4831862240
340 547 4831862256
340 553 4831862272
340 554 4831862288
340 593 4831862304
340 598 4831862320
340 654 4831862336
340 777 4831862352
340 811 4831862368
340 848 4831862384
340 867 4831862400
340 922 4831862416
340 932 4831862432
340 934 4831862448
341 74 4831862464
341 215 4831862480
341 222 4831862496
341 248 4831862512
341 297 4831862528
341 309 4831862544
341 311 4831862560
341 316 4831862576
342 17 4831862592
342 41 4831862608
342 60 4831862624
342 62 4831862640
342 94 4831862656
342 95 4831862672
342 103 4831862688
342 107 4831862704
342 122 4831862720
342 129 4831862736
342 130 4831862752
342 139 4831862768
342 147 4831862784
342 149 4831862800
342 156 4831862816
342 157 4831862832
342 167 4831862848
342 172 4831862864
342 173 4831862880
342 178 4831862896
342 179 4831862912
342 180 4831862928
342 181 4831862944
342 191 4831862960
342 199 4831862976
342 203 4831862992
342 214 4831863008
342 219 4831863024
342 228 4831863040
342 231 4831863056
342 257 4831863072
342 262 4831863088
342 277 4831863104
342 278 4831863120
342 280 4831863136
342 284 4831863152
342 294 4831863168
342 296 4831863184
342 340 4831863200
342 342 4831863216
342 343 4831863232
342 345 4831863248
342 346 4831863264
342 348 4831863280
342 349 4831863296
342 350 4831863312
342 351 4831863328
342 352 4831863344
342 376 4831863360
342 377 4831863376
342 381 4831863392
342 393 4831863408
342 450 4831863424
342 468 4831863440
342 483 4831863456
342 493 4831863472
342 495 4831863488
342 511 4831863504
342 575 4831863520
342 593 4831863536
342 621 4831863552
342 681 4831863568
342 776 4831863584
342 797 4831863600
342 851 4831863616
342 907 4831863632
343 107 4831863648
343 128 4831863664
343 129 4831863680
343 157 4831863696
343 160 4831863712
343 180 4831863728
343 183 4831863744
343 191 4831863760
