86 117 1610612736
86 121 1610612752
86 125 1610612768
86 128 1610612784
86 129 1610612800
86 131 1610612816
86 132 1610612832
86 138 1610612848
86 141 1610612864
86 142 1610612880
86 143 1610612896
86 145 1610612912
86 151 1610612928
86 152 1610612944
86 153 1610612960
86 154 1610612976
86 163 1610612992
86 166 1610613008
86 170 1610613024
86 172 1610613040
86 177 1610613056
86 180 1610613072
86 184 1610613088
86 189 1610613104
86 190 1610613120
86 191 1610613136
86 196 1610613152
86 197 1610613168
86 201 1610613184
86 203 1610613200
86 205 1610613216
86 206 1610613232
86 210 1610613248
86 212 1610613264
86 215 1610613280
86 218 1610613296
86 222 1610613312
86 223 1610613328
86 225 1610613344
86 226 1610613360
86 229 1610613376
86 236 1610613392
86 238 1610613408
86 251 1610613424
86 256 1610613440
86 259 1610613456
86 261 1610613472
86 263 1610613488
86 264 1610613504
86 271 1610613520
86 274 1610613536
86 280 1610613552
86 283 1610613568
86 285 1610613584
86 290 1610613600
86 295 1610613616
86 297 1610613632
86 304 1610613648
86 306 1610613664
86 310 1610613680
86 318 1610613696
86 326 1610613712
86 328 1610613728
86 340 1610613744
86 353 1610613760
86 362 1610613776
86 366 1610613792
86 368 1610613808
86 372 1610613824
86 373 1610613840
86 377 1610613856
86 392 1610613872
86 393 1610613888
86 395 1610613904
86 400 1610613920
86 404 1610613936
86 415 1610613952
86 417 1610613968
86 421 1610613984
86 424 1610614000
86 425 1610614016
86 426 1610614032
86 427 1610614048
86 430 1610614064
86 438 1610614080
86 444 1610614096
86 445 1610614112
86 450 1610614128
86 453 1610614144
86 457 1610614160
86 458 1610614176
86 459 1610614192
86 466 1610614208
86 470 1610614224
86 480 1610614240
86 484 1610614256
86 485 1610614272
86 494 1610614288
86 498 1610614304
86 504 1610614320
86 506 1610614336
86 508 1610614352
86 510 1610614368
86 518 1610614384
86 521 1610614400
86 525 1610614416
86 526 1610614432
86 531 1610614448
86 533 1610614464
86 536 1610614480
86 540 1610614496
86 546 1610614512
86 553 1610614528
86 563 1610614544
86 572 1610614560
86 573 1610614576
86 584 1610614592
86 586 1610614608
86 590 1610614624
86 593 1610614640
86 598 1610614656
86 601 1610614672
86 611 1610614688
86 620 1610614704
86 623 1610614720
86 627 1610614736
86 662 1610614752
86 666 1610614768
86 681 1610614784
86 686 1610614800
86 687 1610614816
86 690 1610614832
86 706 1610614848
86 707 1610614864
86 708 1610614880
86 714 1610614896
86 720 1610614912
86 736 1610614928
86 747 1610614944
86 753 1610614960
86 756 1610614976
86 765 1610614992
86 820 1610615008
86 822 1610615024
86 840 1610615040
86 855 1610615056
86 932 1610615072
86 936 1610615088
86 963 1610615104
87 13 1610615120
87 17 1610615136
87 20 1610615152
87 21 1610615168
87 23 1610615184
87 28 1610615200
87 41 1610615216
87 42 1610615232
87 45 1610615248
87 49 1610615264
87 50 1610615280
87 58 1610615296
87 74 1610615312
87 77 1610615328
87 81 1610615344
87 82 1610615360
87 83 1610615376
87 84 1610615392
87 87 1610615408
87 105 1610615424
87 106 1610615440
87 107 1610615456
87 115 1610615472
87 128 1610615488
87 129 1610615504
87 131 1610615520
87 132 1610615536
87 137 1610615552
87 145 1610615568
87 152 1610615584
87 153 1610615600
87 154 1610615616
87 155 1610615632
87 160 1610615648
87 161 1610615664
87 163 1610615680
87 166 1610615696
87 173 1610615712
87 180 1610615728
87 183 1610615744
87 187 1610615760
87 189 1610615776
87 190 1610615792
87 208 1610615808
87 210 1610615824
87 211 1610615840
87 212 1610615856
87 215 1610615872
87 222 1610615888
87 223 1610615904
87 227 1610615920
87 233 1610615936
87 236 1610615952
87 243 1610615968
87 249 1610615984
87 252 1610616000
87 253 1610616016
87 255 1610616032
87 256 1610616048
87 258 1610616064
87 269 1610616080
87 280 1610616096
87 282 1610616112
87 283 1610616128
87 290 1610616144
87 296 1610616160
87 300 1610616176
87 303 1610616192
87 304 1610616208
87 325 1610616224
87 326 1610616240
87 329 1610616256
87 333 1610616272
87 351 1610616288
87 353 1610616304
87 363 1610616320
87 365 1610616336
87 371 1610616352
87 393 1610616368
87 404 1610616384
87 412 1610616400
87 419 1610616416
87 422 1610616432
87 424 1610616448
87 426 1610616464
87 427 1610616480
87 434 1610616496
87 438 1610616512
87 441 1610616528
87 448 1610616544
87 453 1610616560
87 459 1610616576
87 473 1610616592
87 474 1610616608
87 484 1610616624
87 490 1610616640
87 493 1610616656
87 495 1610616672
87 506 1610616688
87 509 1610616704
87 513 1610616720
87 518 1610616736
87 533 1610616752
87 543 1610616768
87 545 1610616784
87 546 1610616800
87 547 1610616816
87 552 1610616832
87 607 1610616848
87 615 1610616864
87 626 1610616880
87 642 1610616896
87 643 1610616912
87 654 1610616928
87 661 1610616944
87 665 1610616960
87 812 1610616976
87 820 1610616992
87 828 1610617008
87 856 1610617024
87 859 1610617040
87 909 1610617056
87 954 1610617072
87 963 1610617088
87 974 1610617104
88 0 1610617120
88 88 1610617136
88 89 1610617152
88 96 1610617168
88 129 1610617184
88 137 1610617200
88 149 1610617216
88 183 1610617232
88 210 1610617248
88 252 1610617264
88 271 1610617280
88 285 1610617296
88 302 1610617312
88 303 1610617328
88 304 1610617344
88 369 1610617360
88 806 1610617376
88 809 1610617392
88 810 1610617408
88 924 1610617424
89 2 1610617440
89 3 1610617456
89 4 1610617472
89 10 1610617488
89 54 1610617504
89 57 1610617520
89 58 1610617536
89 59 1610617552
89 62 1610617568
89 63 1610617584
89 64 1610617600
89 76 1610617616
89 88 1610617632
89 89 1610617648
89 91 1610617664
89 96 1610617680
89 114 1610617696
89 136 1610617712
89 159 1610617728
89 165 1610617744
89 169 1610617760
89 183 1610617776
89 211 1610617792
89 215 1610617808
89 252 1610617824
89 271 1610617840
89 285 1610617856
89 301 1610617872
89 302 1610617888
89 303 1610617904
89 304 1610617920
89 305 1610617936
89 333 1610617952
89 375 1610617968
89 408 1610617984
89 411 1610618000
89 412 1610618016
89 423 1610618032
89 434 1610618048
89 437 1610618064
89 438 1610618080
89 469 1610618096
89 474 1610618112
89 515 1610618128
89 520 1610618144
89 552 1610618160
89 806 1610618176
89 809 1610618192
89 845 1610618208
89 919 1610618224
89 924 1610618240
89 925 1610618256
89 933 1610618272
90 11 1610618288
90 13 1610618304
90 62 1610618320
90 66 1610618336
90 86 1610618352
90 90 1610618368
90 91 1610618384
90 106 1610618400
90 107 1610618416
90 108 1610618432
90 143 1610618448
90 183 1610618464
90 220 1610618480
90 328 1610618496
90 329 1610618512
90 409 1610618528
90 425 1610618544
90 459 1610618560
90 469 1610618576
90 474 1610618592
90 477 1610618608
90 478 1610618624
91 11 1610618640
91 64 1610618656
91 66 1610618672
91 89 1610618688
91 90 1610618704
91 91 1610618720
91 96 1610618736
91 107 1610618752
91 108 1610618768
91 110 1610618784
91 143 1610618800
91 160 1610618816
91 183 1610618832
91 212 1610618848
91 258 1610618864
91 306 1610618880
91 328 1610618896
91 329 1610618912
91 356 1610618928
91 357 1610618944
91 375 1610618960
91 419 1610618976
91 469 1610618992
91 474 1610619008
91 477 1610619024
91 478 1610619040
91 514 1610619056
91 758 1610619072
91 989 1610619088
92 11 1610619104
92 20 1610619120
92 21 1610619136
92 22 1610619152
92 65 1610619168
92 68 1610619184
92 72 1610619200
92 80 1610619216
92 86 1610619232
92 92 1610619248
92 96 1610619264
92 100 1610619280
92 105 1610619296
92 127 1610619312
92 137 1610619328
92 152 1610619344
92 160 1610619360
92 173 1610619376
92 238 1610619392
92 259 1610619408
92 260 1610619424
92 287 1610619440
92 326 1610619456
92 336 1610619472
92 373 1610619488
92 400 1610619504
92 426 1610619520
92 498 1610619536
92 513 1610619552
92 520 1610619568
92 530 1610619584
92 538 1610619600
92 678 1610619616
92 685 1610619632
92 723 1610619648
92 728 1610619664
92 815 1610619680
92 818 1610619696
92 887 1610619712
93 14 1610619728
93 16 1610619744
93 25 1610619760
93 27 1610619776
93 28 1610619792
93 29 1610619808
93 30 1610619824
93 32 1610619840
93 36 1610619856
93 39 1610619872
93 40 1610619888
93 41 1610619904
93 51 1610619920
93 62 1610619936
93 64 1610619952
93 78 1610619968
93 86 1610619984
93 93 1610620000
93 95 1610620016
93 108 1610620032
93 114 1610620048
93 116 1610620064
93 121 1610620080
93 128 1610620096
93 129 1610620112
93 133 1610620128
93 135 1610620144
93 136 1610620160
93 143 1610620176
93 165 1610620192
93 168 1610620208
93 169 1610620224
93 171 1610620240
93 172 1610620256
93 183 1610620272
93 197 1610620288
93 201 1610620304
93 204 1610620320
93 205 1610620336
93 260 1610620352
93 261 1610620368
93 280 1610620384
93 291 1610620400
93 301 1610620416
93 306 1610620432
93 336 1610620448
93 337 1610620464
93 361 1610620480
93 367 1610620496
93 399 1610620512
93 407 1610620528
93 413 1610620544
93 417 1610620560
93 424 1610620576
93 426 1610620592
93 438 1610620608
93 443 1610620624
93 450 1610620640
93 458 1610620656
93 464 1610620672
93 473 1610620688
93 482 1610620704
93 493 1610620720
93 494 1610620736
93 513 1610620752
93 515 1610620768
93 526 1610620784
93 543 1610620800
93 545 1610620816
93 563 1610620832
93 576 1610620848
93 647 1610620864
93 714 1610620880
93 789 1610620896
93 883 1610620912
93 940 1610620928
94 41 1610620944
94 86 1610620960
94 94 1610620976
94 95 1610620992
94 120 1610621008
94 128 1610621024
94 177 1610621040
94 199 1610621056
94 200 1610621072
94 201 1610621088
94 204 1610621104
94 205 1610621120
94 206 1610621136
94 207 1610621152
94 214 1610621168
94 218 1610621184
94 294 1610621200
94 320 1610621216
94 342 1610621232
94 351 1610621248
94 377 1610621264
94 440 1610621280
94 483 1610621296
94 486 1610621312
94 494 1610621328
94 533 1610621344
94 593 1610621360
94 776 1610621376
94 820 1610621392
94 908 1610621408
94 917 1610621424
94 918 1610621440
94 955 1610621456
94 974 1610621472
95 6 1610621488
95 13 1610621504
95 41 1610621520
95 51 1610621536
95 60 1610621552
95 61 1610621568
95 64 1610621584
95 93 1610621600
95 94 1610621616
95 95 1610621632
95 122 1610621648
95 123 1610621664
95 128 1610621680
95 129 1610621696
95 143 1610621712
95 167 1610621728
95 183 1610621744
95 196 1610621760
95 197 1610621776
95 199 1610621792
95 200 1610621808
95 201 1610621824
95 203 1610621840
95 204 1610621856
95 205 1610621872
95 206 1610621888
95 207 1610621904
95 214 1610621920
95 218 1610621936
95 232 1610621952
95 280 1610621968
95 309 1610621984
95 351 1610622000
95 377 1610622016
95 593 1610622032
95 776 1610622048
95 820 1610622064
95 908 1610622080
95 917 1610622096
95 918 1610622112
96 4 1610622128
96 6 1610622144
96 10 1610622160
96 13 1610622176
96 20 1610622192
96 21 1610622208
96 23 1610622224
96 24 1610622240
96 28 1610622256
96 31 1610622272
96 46 1610622288
96 47 1610622304
96 48 1610622320
96 56 1610622336
96 57 1610622352
96 58 1610622368
96 59 1610622384
96 64 1610622400
96 66 1610622416
96 76 1610622432
96 80 1610622448
96 86 1610622464
96 88 1610622480
96 89 1610622496
96 91 1610622512
96 92 1610622528
96 96 1610622544
96 100 1610622560
96 101 1610622576
96 107 1610622592
96 113 1610622608
96 114 1610622624
96 115 1610622640
96 116 1610622656
96 119 1610622672
96 121 1610622688
96 123 1610622704
96 131 1610622720
96 135 1610622736
96 136 1610622752
96 151 1610622768
96 160 1610622784
96 165 1610622800
96 169 1610622816
96 170 1610622832
96 173 1610622848
96 209 1610622864
96 211 1610622880
96 234 1610622896
96 236 1610622912
96 242 1610622928
96 245 1610622944
96 251 1610622960
96 252 1610622976
96 259 1610622992
96 261 1610623008
96 263 1610623024
96 285 1610623040
96 302 1610623056
96 303 1610623072
96 304 1610623088
96 318 1610623104
96 325 1610623120
96 326 1610623136
96 327 1610623152
96 329 1610623168
96 333 1610623184
96 336 1610623200
96 337 1610623216
96 338 1610623232
96 339 1610623248
96 340 1610623264
96 361 1610623280
96 367 1610623296
96 369 1610623312
96 370 1610623328
96 375 1610623344
96 400 1610623360
96 408 1610623376
96 411 1610623392
96 417 1610623408
96 423 1610623424
96 427 1610623440
96 437 1610623456
96 438 1610623472
96 439 1610623488
96 442 1610623504
96 444 1610623520
96 455 1610623536
96 469 1610623552
96 470 1610623568
96 474 1610623584
96 481 1610623600
96 591 1610623616
96 604 1610623632
96 610 1610623648
96 619 1610623664
96 655 1610623680
96 725 1610623696
96 728 1610623712
96 816 1610623728
96 842 1610623744
96 847 1610623760
96 866 1610623776
96 867 1610623792
96 881 1610623808
96 924 1610623824
97 5 1610623840
97 97 1610623856
97 98 1610623872
97 99 1610623888
97 100 1610623904
97 101 1610623920
97 102 1610623936
97 124 1610623952
97 125 1610623968
97 185 1610623984
97 300 1610624000
97 323 1610624016
97 335 1610624032
97 353 1610624048
97 354 1610624064
97 371 1610624080
97 404 1610624096
97 434 1610624112
97 533 1610624128
97 618 1610624144
97 640 1610624160
97 662 1610624176
97 708 1610624192
97 768 1610624208
98 62 1610624224
98 64 1610624240
98 86 1610624256
98 97 1610624272
98 98 1610624288
98 99 1610624304
98 100 1610624320
98 107 1610624336
98 124 1610624352
98 125 1610624368
98 155 1610624384
98 323 1610624400
98 353 1610624416
98 371 1610624432
98 404 1610624448
98 708 1610624464
98 932 1610624480
99 62 1610624496
99 82 1610624512
99 97 1610624528
99 98 1610624544
99 99 1610624560
99 100 1610624576
99 101 1610624592
99 107 1610624608
99 124 1610624624
99 139 1610624640
99 173 1610624656
99 323 1610624672
99 353 1610624688
99 371 1610624704
99 404 1610624720
99 424 1610624736
99 640 1610624752
99 768 1610624768
99 937 1610624784
100 5 1610624800
100 51 1610624816
100 62 1610624832
100 86 1610624848
100 92 1610624864
100 96 1610624880
100 97 1610624896
100 98 1610624912
100 99 1610624928
100 100 1610624944
100 101 1610624960
100 102 1610624976
100 107 1610624992
100 117 1610625008
100 124 1610625024
100 125 1610625040
100 142 1610625056
100 185 1610625072
100 262 1610625088
100 301 1610625104
100 323 1610625120
100 353 1610625136
100 354 1610625152
100 371 1610625168
100 404 1610625184
100 424 1610625200
100 429 1610625216
100 434 1610625232
100 494 1610625248
100 618 1610625264
100 640 1610625280
100 662 1610625296
100 687 1610625312
100 708 1610625328
100 768 1610625344
100 820 1610625360
100 935 1610625376
100 937 1610625392
101 65 1610625408
101 83 1610625424
101 96 1610625440
101 97 1610625456
101 98 1610625472
101 100 1610625488
101 101 1610625504
101 120 1610625520
101 124 1610625536
101 125 1610625552
101 131 1610625568
101 155 1610625584
101 211 1610625600
101 323 1610625616
101 353 1610625632
101 371 1610625648
101 380 1610625664
101 404 1610625680
101 419 1610625696
101 581 1610625712
101 768 1610625728
102 2 1610625744
102 3 1610625760
102 5 1610625776
102 6 1610625792
102 64 1610625808
102 97 1610625824
102 98 1610625840
102 100 1610625856
102 101 1610625872
102 102 1610625888
102 192 1610625904
102 300 1610625920
102 323 1610625936
102 405 1610625952
102 411 1610625968
102 412 1610625984
102 516 1610626000
102 517 1610626016
102 743 1610626032
102 812 1610626048
102 832 1610626064
103 0 1610626080
103 60 1610626096
103 61 1610626112
103 86 1610626128
103 103 1610626144
103 104 1610626160
103 150 1610626176
103 162 1610626192
103 179 1610626208
103 182 1610626224
103 215 1610626240
103 232 1610626256
103 250 1610626272
103 283 1610626288
103 295 1610626304
103 296 1610626320
103 320 1610626336
103 321 1610626352
103 352 1610626368
103 368 1610626384
103 377 1610626400
103 378 1610626416
103 385 1610626432
103 389 1610626448
103 390 1610626464
103 392 1610626480
103 393 1610626496
103 394 1610626512
103 395 1610626528
103 526 1610626544
103 546 1610626560
103 582 1610626576
103 741 1610626592
104 18 1610626608
104 61 1610626624
104 103 1610626640
104 104 1610626656
104 179 1610626672
104 181 1610626688
104 250 1610626704
104 295 1610626720
104 320 1610626736
104 321 1610626752
104 368 1610626768
104 377 1610626784
104 388 1610626800
104 389 1610626816
104 393 1610626832
104 394 1610626848
105 5 1610626864
105 10 1610626880
105 16 1610626896
105 17 1610626912
105 21 1610626928
105 28 1610626944
105 41 1610626960
105 42 1610626976
105 44 1610626992
105 48 1610627008
105 58 1610627024
105 64 1610627040
105 80 1610627056
105 81 1610627072
105 82 1610627088
105 83 1610627104
105 86 1610627120
105 87 1610627136
105 92 1610627152
105 105 1610627168
105 106 1610627184
105 114 1610627200
105 115 1610627216
105 121 1610627232
105 128 1610627248
105 129 1610627264
105 142 1610627280
105 145 1610627296
105 147 1610627312
105 152 1610627328
105 153 1610627344
105 154 1610627360
105 155 1610627376
105 158 1610627392
105 160 1610627408
105 161 1610627424
105 163 1610627440
105 166 1610627456
105 169 1610627472
105 170 1610627488
105 180 1610627504
105 183 1610627520
105 184 1610627536
105 199 1610627552
105 203 1610627568
105 212 1610627584
105 215 1610627600
105 226 1610627616
105 233 1610627632
105 236 1610627648
105 242 1610627664
105 243 1610627680
105 249 1610627696
105 252 1610627712
105 255 1610627728
105 256 1610627744
105 269 1610627760
105 280 1610627776
105 281 1610627792
105 282 1610627808
105 283 1610627824
105 285 1610627840
105 303 1610627856
105 326 1610627872
105 329 1610627888
105 333 1610627904
105 346 1610627920
105 347 1610627936
105 351 1610627952
105 355 1610627968
105 357 1610627984
105 358 1610628000
105 360 1610628016
105 362 1610628032
105 363 1610628048
105 366 1610628064
105 367 1610628080
105 371 1610628096
105 375 1610628112
105 384 1610628128
105 393 1610628144
105 400 1610628160
105 404 1610628176
105 405 1610628192
105 412 1610628208
105 419 1610628224
105 420 1610628240
105 422 1610628256
105 424 1610628272
105 427 1610628288
105 431 1610628304
105 434 1610628320
105 441 1610628336
105 450 1610628352
105 453 1610628368
105 473 1610628384
105 474 1610628400
105 492 1610628416
105 493 1610628432
105 495 1610628448
105 508 1610628464
105 509 1610628480
105 518 1610628496
105 533 1610628512
105 543 1610628528
105 544 1610628544
105 546 1610628560
105 550 1610628576
105 569 1610628592
105 589 1610628608
105 601 1610628624
105 607 1610628640
105 612 1610628656
105 654 1610628672
105 667 1610628688
105 748 1610628704
105 771 1610628720
105 820 1610628736
105 859 1610628752
106 1 1610628768
106 5 1610628784
106 11 1610628800
106 16 1610628816
106 17 1610628832
106 20 1610628848
106 21 1610628864
106 28 1610628880
106 42 1610628896
106 44 1610628912
106 46 1610628928
106 62 1610628944
106 64 1610628960
106 68 1610628976
106 73 1610628992
106 74 1610629008
106 80 1610629024
106 81 1610629040
106 83 1610629056
106 87 1610629072
106 106 1610629088
106 107 1610629104
106 114 1610629120
106 129 1610629136
106 132 1610629152
106 142 1610629168
106 145 1610629184
106 147 1610629200
106 155 1610629216
106 160 1610629232
106 169 1610629248
106 183 1610629264
106 184 1610629280
106 187 1610629296
106 188 1610629312
106 189 1610629328
106 190 1610629344
106 211 1610629360
106 212 1610629376
106 221 1610629392
106 222 1610629408
106 223 1610629424
106 226 1610629440
106 230 1610629456
106 249 1610629472
106 255 1610629488
106 256 1610629504
106 259 1610629520
106 268 1610629536
106 279 1610629552
106 280 1610629568
106 282 1610629584
106 283 1610629600
106 287 1610629616
106 295 1610629632
106 298 1610629648
106 300 1610629664
106 303 1610629680
106 311 1610629696
106 314 1610629712
106 329 1610629728
106 340 1610629744
106 355 1610629760
106 356 1610629776
106 357 1610629792
106 358 1610629808
106 365 1610629824
106 371 1610629840
106 372 1610629856
106 373 1610629872
106 405 1610629888
106 419 1610629904
106 420 1610629920
106 424 1610629936
106 434 1610629952
106 454 1610629968
106 459 1610629984
106 462 1610630000
106 467 1610630016
106 473 1610630032
106 490 1610630048
106 495 1610630064
106 518 1610630080
106 546 1610630096
106 548 1610630112
106 549 1610630128
106 550 1610630144
106 551 1610630160
106 560 1610630176
106 582 1610630192
106 589 1610630208
106 607 1610630224
106 641 1610630240
106 642 1610630256
106 671 1610630272
106 690 1610630288
106 717 1610630304
106 756 1610630320
106 771 1610630336
106 820 1610630352
106 828 1610630368
106 885 1610630384
107 2 1610630400
107 3 1610630416
107 4 1610630432
107 8 1610630448
107 16 1610630464
107 17 1610630480
107 18 1610630496
107 19 1610630512
107 21 1610630528
107 23 1610630544
107 28 1610630560
107 31 1610630576
107 35 1610630592
107 36 1610630608
107 41 1610630624
107 44 1610630640
107 45 1610630656
107 46 1610630672
107 57 1610630688
107 58 1610630704
107 62 1610630720
107 63 1610630736
107 64 1610630752
107 68 1610630768
107 69 1610630784
107 70 1610630800
107 74 1610630816
107 77 1610630832
107 78 1610630848
107 79 1610630864
107 80 1610630880
107 81 1610630896
107 82 1610630912
107 83 1610630928
107 86 1610630944
107 87 1610630960
107 89 1610630976
107 91 1610630992
107 96 1610631008
107 98 1610631024
107 99 1610631040
107 100 1610631056
107 106 1610631072
107 107 1610631088
107 113 1610631104
107 114 1610631120
107 115 1610631136
107 124 1610631152
107 127 1610631168
107 128 1610631184
107 129 1610631200
107 131 1610631216
107 132 1610631232
107 133 1610631248
107 137 1610631264
107 139 1610631280
107 142 1610631296
107 147 1610631312
107 152 1610631328
107 153 1610631344
107 158 1610631360
107 161 1610631376
107 162 1610631392
107 163 1610631408
107 164 1610631424
107 165 1610631440
107 166 1610631456
107 169 1610631472
107 170 1610631488
107 172 1610631504
107 173 1610631520
107 174 1610631536
107 179 1610631552
107 180 1610631568
107 183 1610631584
107 184 1610631600
107 187 1610631616
107 201 1610631632
107 206 1610631648
107 207 1610631664
107 209 1610631680
107 210 1610631696
107 211 1610631712
107 212 1610631728
107 214 1610631744
107 216 1610631760
107 221 1610631776
107 222 1610631792
107 226 1610631808
107 230 1610631824
107 233 1610631840
107 236 1610631856
107 237 1610631872
107 249 1610631888
107 252 1610631904
107 253 1610631920
107 254 1610631936
107 255 1610631952
107 256 1610631968
107 258 1610631984
107 269 1610632000
107 279 1610632016
107 280 1610632032
107 281 1610632048
107 282 1610632064
107 283 1610632080
107 284 1610632096
107 285 1610632112
107 290 1610632128
107 295 1610632144
107 296 1610632160
107 300 1610632176
107 303 1610632192
107 306 1610632208
107 314 1610632224
107 318 1610632240
107 319 1610632256
107 326 1610632272
107 327 1610632288
107 329 1610632304
107 333 1610632320
107 338 1610632336
107 340 1610632352
107 343 1610632368
107 355 1610632384
107 356 1610632400
107 357 1610632416
107 361 1610632432
107 362 1610632448
107 366 1610632464
107 367 1610632480
107 371 1610632496
107 372 1610632512
107 375 1610632528
107 393 1610632544
107 395 1610632560
107 400 1610632576
107 401 1610632592
107 404 1610632608
107 405 1610632624
107 410 1610632640
107 417 1610632656
107 418 1610632672
107 420 1610632688
107 427 1610632704
107 428 1610632720
107 429 1610632736
107 430 1610632752
107 434 1610632768
107 438 1610632784
107 441 1610632800
107 448 1610632816
107 450 1610632832
107 453 1610632848
107 459 1610632864
107 467 1610632880
107 468 1610632896
107 474 1610632912
107 478 1610632928
107 480 1610632944
107 481 1610632960
107 489 1610632976
107 490 1610632992
107 493 1610633008
107 494 1610633024
107 495 1610633040
107 506 1610633056
107 509 1610633072
107 518 1610633088
107 531 1610633104
107 532 1610633120
107 541 1610633136
107 544 1610633152
107 550 1610633168
107 568 1610633184
107 589 1610633200
107 591 1610633216
107 597 1610633232
107 642 1610633248
107 662 1610633264
107 665 1610633280
107 671 1610633296
107 687 1610633312
107 690 1610633328
107 702 1610633344
107 704 1610633360
107 708 1610633376
107 726 1610633392
107 730 1610633408
107 736 1610633424
107 747 1610633440
107 748 1610633456
107 769 1610633472
107 809 1610633488
107 820 1610633504
107 828 1610633520
107 834 1610633536
107 837 1610633552
107 856 1610633568
107 859 1610633584
107 896 1610633600
107 932 1610633616
107 954 1610633632
107 963 1610633648
108 64 1610633664
108 66 1610633680
108 67 1610633696
108 69 1610633712
108 81 1610633728
108 90 1610633744
108 91 1610633760
108 93 1610633776
108 108 1610633792
108 109 1610633808
108 110 1610633824
108 111 1610633840
108 112 1610633856
108 143 1610633872
108 155 1610633888
108 183 1610633904
108 190 1610633920
108 258 1610633936
108 290 1610633952
108 300 1610633968
108 301 1610633984
108 328 1610634000
108 329 1610634016
108 356 1610634032
108 357 1610634048
108 375 1610634064
108 409 1610634080
108 420 1610634096
108 469 1610634112
108 473 1610634128
108 474 1610634144
108 476 1610634160
108 477 1610634176
108 478 1610634192
108 509 1610634208
108 514 1610634224
108 652 1610634240
109 51 1610634256
109 62 1610634272
109 108 1610634288
109 366 1610634304
110 91 1610634320
110 108 1610634336
110 110 1610634352
110 111 1610634368
110 121 1610634384
110 474 1610634400
111 108 1610634416
112 91 1610634432
112 108 1610634448
112 112 1610634464
112 356 1610634480
112 357 1610634496
112 368 1610634512
112 375 1610634528
112 469 1610634544
113 23 1610634560
113 26 1610634576
113 28 1610634592
113 32 1610634608
113 36 1610634624
113 40 1610634640
113 41 1610634656
113 47 1610634672
113 48 1610634688
113 51 1610634704
113 62 1610634720
113 76 1610634736
113 84 1610634752
113 86 1610634768
113 96 1610634784
113 106 1610634800
113 107 1610634816
113 113 1610634832
113 114 1610634848
113 115 1610634864
113 116 1610634880
113 133 1610634896
113 151 1610634912
113 160 1610634928
113 165 1610634944
113 168 1610634960
113 169 1610634976
113 171 1610634992
113 176 1610635008
113 177 1610635024
113 183 1610635040
113 220 1610635056
113 245 1610635072
113 250 1610635088
113 263 1610635104
113 280 1610635120
113 301 1610635136
113 318 1610635152
113 329 1610635168
113 333 1610635184
113 338 1610635200
113 339 1610635216
113 361 1610635232
113 367 1610635248
113 417 1610635264
113 419 1610635280
113 423 1610635296
113 426 1610635312
113 434 1610635328
113 438 1610635344
113 442 1610635360
113 443 1610635376
113 444 1610635392
113 455 1610635408
113 473 1610635424
113 478 1610635440
113 485 1610635456
113 486 1610635472
113 494 1610635488
113 527 1610635504
113 543 1610635520
113 547 1610635536
113 556 1610635552
113 725 1610635568
113 847 1610635584
113 914 1610635600
113 919 1610635616
113 925 1610635632
113 950 1610635648
113 976 1610635664
113 981 1610635680
113 983 1610635696
114 2 1610635712
114 3 1610635728
114 4 1610635744
114 21 1610635760
114 24 1610635776
114 28 1610635792
114 30 1610635808
114 35 1610635824
114 36 1610635840
114 39 1610635856
114 44 1610635872
114 46 1610635888
114 47 1610635904
114 48 1610635920
114 51 1610635936
114 62 1610635952
114 63 1610635968
114 76 1610635984
114 78 1610636000
114 80 1610636016
114 81 1610636032
114 82 1610636048
114 83 1610636064
114 87 1610636080
114 89 1610636096
114 96 1610636112
114 105 1610636128
114 106 1610636144
114 107 1610636160
114 113 1610636176
114 114 1610636192
114 115 1610636208
114 116 1610636224
114 121 1610636240
114 128 1610636256
114 129 1610636272
114 133 1610636288
114 137 1610636304
114 145 1610636320
114 152 1610636336
114 155 1610636352
114 158 1610636368
114 160 1610636384
114 165 1610636400
114 166 1610636416
114 168 1610636432
114 169 1610636448
114 170 1610636464
114 171 1610636480
114 172 1610636496
114 173 1610636512
114 183 1610636528
114 184 1610636544
114 208 1610636560
114 210 1610636576
114 211 1610636592
114 212 1610636608
114 220 1610636624
114 229 1610636640
114 234 1610636656
114 245 1610636672
114 249 1610636688
114 254 1610636704
114 255 1610636720
114 256 1610636736
114 261 1610636752
114 263 1610636768
114 278 1610636784
114 280 1610636800
114 283 1610636816
114 290 1610636832
114 300 1610636848
114 303 1610636864
114 318 1610636880
114 326 1610636896
114 329 1610636912
114 333 1610636928
114 338 1610636944
114 339 1610636960
114 340 1610636976
114 355 1610636992
114 356 1610637008
114 361 1610637024
114 362 1610637040
114 363 1610637056
114 365 1610637072
114 366 1610637088
114 367 1610637104
114 371 1610637120
114 375 1610637136
114 405 1610637152
114 411 1610637168
114 417 1610637184
114 419 1610637200
114 420 1610637216
114 423 1610637232
114 426 1610637248
114 434 1610637264
114 438 1610637280
114 442 1610637296
114 443 1610637312
114 444 1610637328
114 455 1610637344
114 464 1610637360
114 473 1610637376
114 485 1610637392
114 486 1610637408
114 495 1610637424
114 527 1610637440
114 531 1610637456
114 533 1610637472
114 547 1610637488
114 609 1610637504
114 640 1610637520
114 655 1610637536
114 686 1610637552
114 725 1610637568
114 767 1610637584
114 820 1610637600
114 847 1610637616
114 892 1610637632
114 896 1610637648
114 919 1610637664
114 925 1610637680
114 976 1610637696
114 981 1610637712
114 983 1610637728
115 5 1610637744
115 16 1610637760
115 23 1610637776
115 28 1610637792
115 30 1610637808
115 31 1610637824
115 38 1610637840
115 41 1610637856
115 42 1610637872
115 58 1610637888
115 62 1610637904
115 63 1610637920
115 64 1610637936
115 79 1610637952
115 82 1610637968
115 83 1610637984
115 84 1610638000
115 87 1610638016
115 96 1610638032
115 105 1610638048
115 107 1610638064
115 113 1610638080
115 114 1610638096
115 115 1610638112
115 116 1610638128
115 121 1610638144
115 123 1610638160
115 128 1610638176
115 135 1610638192
115 136 1610638208
115 142 1610638224
115 145 1610638240
115 152 1610638256
115 155 1610638272
115 160 1610638288
