797 605 8053063680
797 797 8053063696
798 798 8053063712
799 189 8053063728
799 447 8053063744
799 715 8053063760
800 185 8053063776
800 287 8053063792
800 533 8053063808
800 615 8053063824
802 129 8053063840
802 172 8053063856
802 256 8053063872
802 258 8053063888
802 365 8053063904
802 802 8053063920
803 2 8053063936
803 4 8053063952
803 54 8053063968
803 58 8053063984
803 59 8053064000
803 63 8053064016
803 193 8053064032
803 194 8053064048
803 195 8053064064
803 252 8053064080
803 412 8053064096
803 767 8053064112
803 803 8053064128
803 826 8053064144
803 990 8053064160
806 88 8053064176
806 89 8053064192
806 285 8053064208
806 304 8053064224
806 806 8053064240
806 809 8053064256
808 808 8053064272
809 2 8053064288
809 4 8053064304
809 5 8053064320
809 13 8053064336
809 54 8053064352
809 55 8053064368
809 56 8053064384
809 57 8053064400
809 58 8053064416
809 59 8053064432
809 63 8053064448
809 88 8053064464
809 89 8053064480
809 107 8053064496
809 131 8053064512
809 132 8053064528
809 137 8053064544
809 138 8053064560
809 160 8053064576
809 174 8053064592
809 208 8053064608
809 211 8053064624
809 252 8053064640
809 271 8053064656
809 285 8053064672
809 301 8053064688
809 302 8053064704
809 304 8053064720
809 305 8053064736
809 411 8053064752
809 412 8053064768
809 465 8053064784
809 481 8053064800
809 519 8053064816
809 552 8053064832
809 685 8053064848
809 698 8053064864
809 707 8053064880
809 738 8053064896
809 806 8053064912
809 809 8053064928
809 826 8053064944
809 949 8053064960
810 87 8053064976
810 88 8053064992
810 180 8053065008
810 210 8053065024
810 222 8053065040
810 244 8053065056
810 269 8053065072
810 296 8053065088
810 301 8053065104
810 393 8053065120
810 420 8053065136
810 471 8053065152
810 511 8053065168
810 520 8053065184
810 560 8053065200
810 597 8053065216
811 28 8053065232
811 77 8053065248
811 340 8053065264
811 497 8053065280
811 531 8053065296
812 2 8053065312
812 3 8053065328
812 4 8053065344
812 45 8053065360
812 46 8053065376
812 54 8053065392
812 57 8053065408
812 58 8053065424
812 59 8053065440
812 63 8053065456
812 83 8053065472
812 87 8053065488
812 102 8053065504
812 107 8053065520
812 115 8053065536
812 126 8053065552
812 137 8053065568
812 140 8053065584
812 142 8053065600
812 160 8053065616
812 193 8053065632
812 208 8053065648
812 209 8053065664
812 215 8053065680
812 217 8053065696
812 252 8053065712
812 272 8053065728
812 273 8053065744
812 282 8053065760
812 285 8053065776
812 298 8053065792
812 366 8053065808
812 373 8053065824
812 412 8053065840
812 428 8053065856
812 434 8053065872
812 447 8053065888
812 448 8053065904
812 461 8053065920
812 520 8053065936
812 601 8053065952
812 635 8053065968
812 665 8053065984
812 685 8053066000
812 803 8053066016
812 812 8053066032
812 826 8053066048
812 859 8053066064
812 877 8053066080
812 880 8053066096
812 932 8053066112
812 950 8053066128
812 971 8053066144
812 990 8053066160
812 991 8053066176
813 93 8053066192
813 129 8053066208
813 168 8053066224
813 172 8053066240
813 275 8053066256
813 280 8053066272
813 399 8053066288
813 403 8053066304
813 413 8053066320
813 434 8053066336
813 440 8053066352
813 450 8053066368
813 458 8053066384
813 515 8053066400
813 526 8053066416
813 534 8053066432
813 543 8053066448
813 544 8053066464
813 585 8053066480
813 600 8053066496
813 623 8053066512
813 714 8053066528
813 817 8053066544
813 836 8053066560
814 52 8053066576
814 58 8053066592
814 262 8053066608
814 347 8053066624
815 5 8053066640
815 57 8053066656
815 63 8053066672
815 64 8053066688
815 80 8053066704
815 92 8053066720
815 137 8053066736
815 138 8053066752
815 174 8053066768
815 194 8053066784
815 208 8053066800
815 286 8053066816
815 305 8053066832
815 520 8053066848
815 685 8053066864
815 815 8053066880
815 859 8053066896
815 880 8053066912
816 116 8053066928
816 119 8053066944
816 151 8053066960
816 165 8053066976
816 170 8053066992
816 336 8053067008
816 470 8053067024
816 753 8053067040
816 816 8053067056
816 987 8053067072
817 515 8053067088
817 544 8053067104
817 817 8053067120
818 62 8053067136
818 86 8053067152
818 92 8053067168
818 189 8053067184
818 259 8053067200
818 301 8053067216
818 339 8053067232
818 440 8053067248
818 533 8053067264
820 5 8053067280
820 13 8053067296
820 15 8053067312
820 16 8053067328
820 23 8053067344
820 28 8053067360
820 30 8053067376
820 41 8053067392
820 42 8053067408
820 44 8053067424
820 47 8053067440
820 51 8053067456
820 52 8053067472
820 53 8053067488
820 62 8053067504
820 63 8053067520
820 64 8053067536
820 79 8053067552
820 82 8053067568
820 85 8053067584
820 86 8053067600
820 87 8053067616
820 93 8053067632
820 94 8053067648
820 95 8053067664
820 100 8053067680
820 105 8053067696
820 106 8053067712
820 107 8053067728
820 114 8053067744
820 115 8053067760
820 121 8053067776
820 123 8053067792
820 128 8053067808
820 129 8053067824
820 133 8053067840
820 136 8053067856
820 142 8053067872
820 143 8053067888
820 150 8053067904
820 154 8053067920
820 159 8053067936
820 160 8053067952
820 162 8053067968
820 165 8053067984
820 166 8053068000
820 167 8053068016
820 168 8053068032
820 169 8053068048
820 171 8053068064
820 172 8053068080
820 179 8053068096
820 180 8053068112
820 183 8053068128
820 196 8053068144
820 197 8053068160
820 198 8053068176
820 199 8053068192
820 200 8053068208
820 201 8053068224
820 202 8053068240
820 203 8053068256
820 204 8053068272
820 205 8053068288
820 206 8053068304
820 207 8053068320
820 208 8053068336
820 212 8053068352
820 215 8053068368
820 231 8053068384
820 232 8053068400
820 243 8053068416
820 249 8053068432
820 256 8053068448
820 280 8053068464
820 283 8053068480
820 301 8053068496
820 327 8053068512
820 336 8053068528
820 342 8053068544
820 343 8053068560
820 346 8053068576
820 362 8053068592
820 365 8053068608
820 366 8053068624
820 412 8053068640
820 420 8053068656
820 421 8053068672
820 422 8053068688
820 424 8053068704
820 434 8053068720
820 443 8053068736
820 445 8053068752
820 464 8053068768
820 482 8053068784
820 483 8053068800
820 486 8053068816
820 493 8053068832
820 533 8053068848
820 544 8053068864
820 546 8053068880
820 581 8053068896
820 593 8053068912
820 618 8053068928
820 644 8053068944
820 654 8053068960
820 749 8053068976
820 751 8053068992
820 776 8053069008
820 801 8053069024
820 820 8053069040
820 856 8053069056
820 908 8053069072
820 917 8053069088
820 918 8053069104
820 932 8053069120
820 950 8053069136
820 955 8053069152
820 970 8053069168
820 974 8053069184
821 160 8053069200
821 163 8053069216
822 53 8053069232
822 86 8053069248
822 280 8053069264
822 290 8053069280
822 292 8053069296
822 350 8053069312
822 464 8053069328
822 484 8053069344
822 494 8053069360
822 563 8053069376
822 572 8053069392
822 593 8053069408
822 822 8053069424
822 900 8053069440
822 908 8053069456
822 936 8053069472
822 953 8053069488
823 7 8053069504
823 8 8053069520
823 9 8053069536
823 12 8053069552
823 15 8053069568
823 19 8053069584
823 213 8053069600
823 264 8053069616
823 265 8053069632
823 358 8053069648
823 452 8053069664
823 521 8053069680
823 558 8053069696
823 566 8053069712
823 570 8053069728
823 661 8053069744
823 700 8053069760
823 707 8053069776
823 823 8053069792
823 856 8053069808
824 191 8053069824
825 306 8053069840
825 923 8053069856
826 2 8053069872
826 4 8053069888
826 6 8053069904
826 58 8053069920
826 59 8053069936
826 63 8053069952
826 192 8053069968
826 193 8053069984
826 194 8053070000
826 195 8053070016
826 408 8053070032
826 412 8053070048
826 586 8053070064
826 803 8053070080
826 809 8053070096
826 826 8053070112
826 832 8053070128
826 859 8053070144
826 990 8053070160
826 1001 8053070176
828 16 8053070192
828 45 8053070208
828 46 8053070224
828 64 8053070240
828 106 8053070256
828 107 8053070272
828 121 8053070288
828 145 8053070304
828 160 8053070320
828 233 8053070336
828 300 8053070352
828 353 8053070368
828 356 8053070384
828 371 8053070400
828 405 8053070416
828 419 8053070432
828 434 8053070448
828 546 8053070464
828 796 8053070480
828 889 8053070496
828 892 8053070512
828 896 8053070528
829 168 8053070544
829 203 8053070560
829 290 8053070576
832 2 8053070592
832 3 8053070608
832 4 8053070624
832 57 8053070640
832 58 8053070656
832 59 8053070672
832 63 8053070688
832 102 8053070704
832 131 8053070720
832 145 8053070736
832 192 8053070752
832 193 8053070768
832 194 8053070784
832 195 8053070800
832 252 8053070816
832 408 8053070832
832 412 8053070848
832 520 8053070864
832 586 8053070880
832 587 8053070896
832 826 8053070912
832 832 8053070928
832 859 8053070944
833 5 8053070960
833 7 8053070976
833 44 8053070992
833 62 8053071008
833 249 8053071024
833 365 8053071040
833 833 8053071056
833 856 8053071072
835 275 8053071088
836 523 8053071104
836 836 8053071120
837 107 8053071136
837 837 8053071152
838 124 8053071168
839 191 8053071184
840 64 8053071200
840 65 8053071216
840 86 8053071232
840 168 8053071248
840 232 8053071264
840 426 8053071280
840 440 8053071296
840 457 8053071312
840 526 8053071328
840 562 8053071344
840 840 8053071360
841 231 8053071376
841 312 8053071392
841 368 8053071408
841 376 8053071424
841 397 8053071440
841 719 8053071456
841 841 8053071472
841 869 8053071488
843 290 8053071504
844 133 8053071520
845 2 8053071536
845 3 8053071552
845 4 8053071568
845 6 8053071584
845 56 8053071600
845 58 8053071616
845 59 8053071632
845 63 8053071648
845 89 8053071664
845 193 8053071680
845 211 8053071696
845 252 8053071712
845 281 8053071728
845 303 8053071744
845 305 8053071760
845 408 8053071776
845 481 8053071792
845 520 8053071808
845 685 8053071824
845 699 8053071840
845 809 8053071856
845 812 8053071872
845 845 8053071888
845 859 8053071904
845 865 8053071920
845 921 8053071936
845 924 8053071952
845 953 8053071968
846 605 8053071984
846 846 8053072000
847 40 8053072016
847 47 8053072032
847 48 8053072048
847 96 8053072064
847 113 8053072080
847 114 8053072096
847 171 8053072112
847 172 8053072128
847 205 8053072144
847 333 8053072160
847 443 8053072176
847 455 8053072192
847 464 8053072208
847 547 8053072224
847 847 8053072240
847 919 8053072256
847 922 8053072272
847 925 8053072288
849 849 8053072304
851 157 8053072320
851 180 8053072336
851 191 8053072352
851 214 8053072368
851 342 8053072384
851 350 8053072400
851 352 8053072416
851 377 8053072432
851 483 8053072448
851 575 8053072464
851 605 8053072480
851 681 8053072496
851 851 8053072512
851 852 8053072528
851 907 8053072544
852 415 8053072560
852 852 8053072576
855 155 8053072592
855 299 8053072608
855 473 8053072624
856 7 8053072640
856 8 8053072656
856 12 8053072672
856 19 8053072688
856 44 8053072704
856 58 8053072720
856 62 8053072736
856 82 8053072752
856 83 8053072768
856 87 8053072784
856 105 8053072800
856 107 8053072816
856 121 8053072832
856 141 8053072848
856 142 8053072864
856 160 8053072880
856 166 8053072896
856 186 8053072912
856 212 8053072928
856 246 8053072944
856 249 8053072960
856 264 8053072976
856 265 8053072992
856 293 8053073008
856 331 8053073024
856 355 8053073040
856 358 8053073056
856 362 8053073072
856 366 8053073088
856 374 8053073104
856 407 8053073120
856 421 8053073136
856 430 8053073152
856 434 8053073168
856 452 8053073184
856 466 8053073200
856 498 8053073216
856 504 8053073232
856 506 8053073248
856 525 8053073264
856 546 8053073280
856 555 8053073296
856 558 8053073312
856 560 8053073328
856 573 8053073344
856 612 8053073360
856 661 8053073376
856 707 8053073392
856 720 8053073408
856 765 8053073424
856 823 8053073440
856 856 8053073456
856 913 8053073472
856 922 8053073488
856 950 8053073504
856 956 8053073520
858 306 8053073536
859 2 8053073552
859 3 8053073568
859 4 8053073584
859 6 8053073600
859 56 8053073616
859 57 8053073632
859 58 8053073648
859 59 8053073664
859 62 8053073680
859 63 8053073696
859 64 8053073712
859 82 8053073728
859 87 8053073744
859 89 8053073760
859 105 8053073776
859 107 8053073792
859 121 8053073808
859 131 8053073824
859 132 8053073840
859 137 8053073856
859 147 8053073872
859 160 8053073888
859 162 8053073904
859 166 8053073920
859 174 8053073936
859 183 8053073952
859 193 8053073968
859 194 8053073984
859 195 8053074000
859 211 8053074016
859 212 8053074032
859 243 8053074048
859 252 8053074064
859 254 8053074080
859 269 8053074096
859 271 8053074112
859 281 8053074128
859 286 8053074144
859 303 8053074160
859 366 8053074176
859 408 8053074192
859 411 8053074208
859 412 8053074224
859 434 8053074240
859 520 8053074256
859 546 8053074272
859 601 8053074288
859 612 8053074304
859 665 8053074320
859 685 8053074336
859 803 8053074352
859 809 8053074368
859 812 8053074384
859 815 8053074400
859 826 8053074416
859 832 8053074432
859 845 8053074448
859 849 8053074464
859 859 8053074480
859 880 8053074496
859 921 8053074512
859 932 8053074528
859 963 8053074544
859 971 8053074560
859 990 8053074576
859 991 8053074592
860 115 8053074608
860 116 8053074624
860 123 8053074640
860 135 8053074656
860 165 8053074672
860 169 8053074688
860 170 8053074704
860 251 8053074720
860 330 8053074736
860 336 8053074752
860 337 8053074768
860 338 8053074784
860 339 8053074800
860 375 8053074816
860 437 8053074832
860 438 8053074848
860 455 8053074864
860 753 8053074880
860 816 8053074896
860 860 8053074912
860 900 8053074928
860 914 8053074944
860 978 8053074960
863 57 8053074976
865 2 8053074992
865 56 8053075008
865 58 8053075024
865 59 8053075040
865 63 8053075056
865 194 8053075072
865 305 8053075088
865 412 8053075104
865 845 8053075120
865 865 8053075136
866 80 8053075152
869 179 8053075168
869 181 8053075184
869 376 8053075200
869 397 8053075216
872 17 8053075232
872 61 8053075248
872 74 8053075264
872 85 8053075280
872 182 8053075296
872 232 8053075312
872 377 8053075328
872 581 8053075344
872 707 8053075360
875 170 8053075376
877 28 8053075392
877 81 8053075408
877 137 8053075424
878 23 8053075440
878 27 8053075456
878 35 8053075472
879 242 8053075488
880 3 8053075504
880 6 8053075520
880 56 8053075536
880 57 8053075552
880 58 8053075568
880 59 8053075584
880 63 8053075600
880 80 8053075616
880 137 8053075632
880 157 8053075648
880 174 8053075664
880 252 8053075680
880 281 8053075696
880 286 8053075712
880 305 8053075728
880 308 8053075744
880 685 8053075760
880 815 8053075776
880 859 8053075792
880 880 8053075808
880 921 8053075824
883 27 8053075840
883 32 8053075856
883 39 8053075872
883 93 8053075888
883 115 8053075904
883 116 8053075920
883 165 8053075936
883 336 8053075952
883 337 8053075968
883 339 8053075984
883 883 8053076000
884 884 8053076016
885 20 8053076032
885 21 8053076048
885 106 8053076064
885 728 8053076080
886 3 8053076096
886 58 8053076112
886 59 8053076128
886 217 8053076144
886 273 8053076160
886 366 8053076176
886 601 8053076192
886 665 8053076208
886 812 8053076224
886 859 8053076240
887 20 8053076256
887 92 8053076272
887 885 8053076288
887 887 8053076304
889 300 8053076320
889 375 8053076336
889 405 8053076352
890 890 8053076368
891 405 8053076384
891 892 8053076400
892 28 8053076416
892 44 8053076432
892 114 8053076448
892 128 8053076464
892 173 8053076480
892 226 8053076496
892 290 8053076512
892 300 8053076528
892 314 8053076544
892 340 8053076560
892 405 8053076576
892 423 8053076592
892 438 8053076608
892 491 8053076624
892 891 8053076640
892 892 8053076656
892 896 8053076672
895 114 8053076688
895 333 8053076704
895 417 8053076720
896 2 8053076736
896 4 8053076752
896 12 8053076768
896 21 8053076784
896 28 8053076800
896 63 8053076816
896 81 8053076832
896 107 8053076848
896 112 8053076864
896 116 8053076880
896 124 8053076896
896 142 8053076912
896 160 8053076928
896 169 8053076944
896 173 8053076960
896 287 8053076976
896 300 8053076992
896 303 8053077008
896 329 8053077024
896 355 8053077040
896 356 8053077056
896 368 8053077072
896 375 8053077088
896 404 8053077104
896 405 8053077120
896 710 8053077136
896 892 8053077152
896 896 8053077168
898 230 8053077184
898 481 8053077200
898 898 8053077216
900 5 8053077232
900 13 8053077248
900 40 8053077264
900 115 8053077280
900 128 8053077296
900 165 8053077312
900 169 8053077328
900 251 8053077344
900 438 8053077360
900 455 8053077376
900 860 8053077392
900 900 8053077408
900 914 8053077424
900 987 8053077440
901 137 8053077456
902 5 8053077472
903 907 8053077488
905 74 8053077504
905 177 8053077520
905 215 8053077536
905 222 8053077552
905 297 8053077568
905 309 8053077584
905 311 8053077600
905 316 8053077616
905 905 8053077632
906 156 8053077648
906 533 8053077664
906 546 8053077680
907 156 8053077696
907 179 8053077712
907 180 8053077728
907 191 8053077744
907 262 8053077760
907 377 8053077776
907 593 8053077792
907 851 8053077808
907 903 8053077824
907 907 8053077840
908 51 8053077856
908 94 8053077872
908 95 8053077888
908 124 8053077904
908 128 8053077920
908 167 8053077936
908 197 8053077952
908 199 8053077968
908 200 8053077984
908 201 8053078000
908 204 8053078016
908 205 8053078032
908 206 8053078048
908 207 8053078064
908 395 8053078080
908 592 8053078096
908 593 8053078112
908 776 8053078128
908 820 8053078144
908 822 8053078160
908 908 8053078176
908 917 8053078192
908 918 8053078208
909 87 8053078224
909 129 8053078240
909 183 8053078256
909 280 8053078272
909 546 8053078288
912 466 8053078304
912 499 8053078320
912 504 8053078336
912 765 8053078352
913 44 8053078368
913 183 8053078384
913 358 8053078400
913 499 8053078416
913 699 8053078432
913 700 8053078448
913 707 8053078464
913 856 8053078480
913 922 8053078496
913 950 8053078512
913 951 8053078528
913 956 8053078544
913 967 8053078560
913 972 8053078576
914 28 8053078592
914 36 8053078608
914 105 8053078624
914 115 8053078640
914 116 8053078656
914 135 8053078672
914 165 8053078688
914 170 8053078704
914 455 8053078720
914 470 8053078736
914 531 8053078752
914 753 8053078768
914 816 8053078784
914 860 8053078800
914 900 8053078816
914 914 8053078832
914 987 8053078848
917 27 8053078864
917 40 8053078880
917 41 8053078896
917 51 8053078912
917 94 8053078928
917 95 8053078944
917 128 8053078960
917 167 8053078976
917 196 8053078992
917 197 8053079008
917 199 8053079024
917 200 8053079040
917 201 8053079056
917 204 8053079072
917 205 8053079088
917 206 8053079104
917 207 8053079120
917 445 8053079136
917 483 8053079152
917 557 8053079168
917 593 8053079184
917 776 8053079200
917 820 8053079216
917 908 8053079232
917 918 8053079248
917 974 8053079264
918 51 8053079280
918 94 8053079296
918 95 8053079312
918 128 8053079328
918 167 8053079344
918 197 8053079360
918 199 8053079376
918 200 8053079392
918 201 8053079408
918 204 8053079424
918 206 8053079440
918 207 8053079456
918 232 8053079472
918 377 8053079488
918 494 8053079504
918 593 8053079520
918 776 8053079536
918 820 8053079552
918 908 8053079568
918 917 8053079584
918 918 8053079600
918 974 8053079616
918 1000 8053079632
919 40 8053079648
919 113 8053079664
919 455 8053079680
919 847 8053079696
919 919 8053079712
920 230 8053079728
921 6 8053079744
921 56 8053079760
921 63 8053079776
921 138 8053079792
921 285 8053079808
921 412 8053079824
921 845 8053079840
921 859 8053079856
921 930 8053079872
922 53 8053079888
922 79 8053079904
922 129 8053079920
922 205 8053079936
922 280 8053079952
922 340 8053079968
922 487 8053079984
922 498 8053080000
922 499 8053080016
922 529 8053080032
922 560 8053080048
922 699 8053080064
922 822 8053080080
922 847 8053080096
922 856 8053080112
922 908 8053080128
922 913 8053080144
922 922 8053080160
922 956 8053080176
923 825 8053080192
923 923 8053080208
924 89 8053080224
924 96 8053080240
924 209 8053080256
924 252 8053080272
924 303 8053080288
924 612 8053080304
925 47 8053080320
925 48 8053080336
925 113 8053080352
925 114 8053080368
925 205 8053080384
925 245 8053080400
925 263 8053080416
925 318 8053080432
925 333 8053080448
925 417 8053080464
925 423 8053080480
925 443 8053080496
925 847 8053080512
925 925 8053080528
925 981 8053080544
926 158 8053080560
926 159 8053080576
926 234 8053080592
926 237 8053080608
926 242 8053080624
926 243 8053080640
926 301 8053080656
926 926 8053080672
926 927 8053080688
926 930 8053080704
926 931 8053080720
926 963 8053080736
927 158 8053080752
927 159 8053080768
927 210 8053080784
927 234 8053080800
927 237 8053080816
927 241 8053080832
927 242 8053080848
927 926 8053080864
927 927 8053080880
927 930 8053080896
927 931 8053080912
927 963 8053080928
929 15 8053080944
929 140 8053080960
929 164 8053080976
929 269 8053080992
929 322 8053081008
929 334 8053081024
929 335 8053081040
929 429 8053081056
929 489 8053081072
929 592 8053081088
929 929 8053081104
929 933 8053081120
930 158 8053081136
930 208 8053081152
930 234 8053081168
930 236 8053081184
930 238 8053081200
930 243 8053081216
930 301 8053081232
930 921 8053081248
930 926 8053081264
930 927 8053081280
930 930 8053081296
930 931 8053081312
930 963 8053081328
931 5 8053081344
931 158 8053081360
931 159 8053081376
931 210 8053081392
931 238 8053081408
931 240 8053081424
931 243 8053081440
931 294 8053081456
931 301 8053081472
931 926 8053081488
931 927 8053081504
931 930 8053081520
931 931 8053081536
931 963 8053081552
932 3 8053081568
932 17 8053081584
932 21 8053081600
932 23 8053081616
932 28 8053081632
932 31 8053081648
932 41 8053081664
932 44 8053081680
932 45 8053081696
932 46 8053081712
932 63 8053081728
932 68 8053081744
932 70 8053081760
932 77 8053081776
932 81 8053081792
932 83 8053081808
932 86 8053081824
932 98 8053081840
932 106 8053081856
932 107 8053081872
932 113 8053081888
932 114 8053081904
932 115 8053081920
932 128 8053081936
932 129 8053081952
932 131 8053081968
932 147 8053081984
932 153 8053082000
932 163 8053082016
932 165 8053082032
932 169 8053082048
932 173 8053082064
932 174 8053082080
932 180 8053082096
932 210 8053082112
932 211 8053082128
932 212 8053082144
932 227 8053082160
932 233 8053082176
932 236 8053082192
932 249 8053082208
932 252 8053082224
932 253 8053082240
932 254 8053082256
932 255 8053082272
932 258 8053082288
932 269 8053082304
932 281 8053082320
932 283 8053082336
932 295 8053082352
932 296 8053082368
932 303 8053082384
932 310 8053082400
932 326 8053082416
932 333 8053082432
932 338 8053082448
932 340 8053082464
932 355 8053082480
932 367 8053082496
932 371 8053082512
932 393 8053082528
932 404 8053082544
932 419 8053082560
932 420 8053082576
932 427 8053082592
932 453 8053082608
932 474 8053082624
932 489 8053082640
932 490 8053082656
932 492 8053082672
932 493 8053082688
932 495 8053082704
932 506 8053082720
932 531 8053082736
932 544 8053082752
932 576 8053082768
932 586 8053082784
932 597 8053082800
932 642 8053082816
932 671 8053082832
932 702 8053082848
932 748 8053082864
932 812 8053082880
932 820 8053082896
932 856 8053082912
932 859 8053082928
932 932 8053082944
932 963 8053082960
933 15 8053082976
933 46 8053082992
933 89 8053083008
933 139 8053083024
933 269 8053083040
933 322 8053083056
933 334 8053083072
933 335 8053083088
933 429 8053083104
933 446 8053083120
933 447 8053083136
933 448 8053083152
933 592 8053083168
933 929 8053083184
933 933 8053083200
933 956 8053083216
935 100 8053083232
935 125 8053083248
936 14 8053083264
936 129 8053083280
936 130 8053083296
936 167 8053083312
936 168 8053083328
936 204 8053083344
936 206 8053083360
936 231 8053083376
936 232 8053083392
936 284 8053083408
936 290 8053083424
936 350 8053083440
936 484 8053083456
936 546 8053083472
936 572 8053083488
936 593 8053083504
936 706 8053083520
936 776 8053083536
936 822 8053083552
936 907 8053083568
936 935 8053083584
936 936 8053083600
936 955 8053083616
936 965 8053083632
937 64 8053083648
937 125 8053083664
937 404 8053083680
937 640 8053083696
937 937 8053083712
938 611 8053083728
939 232 8053083744
939 350 8053083760
939 572 8053083776
941 189 8053083792
942 95 8053083808
943 295 8053083824
944 748 8053083840
945 327 8053083856
945 945 8053083872
947 60 8053083888
947 181 8053083904
947 321 8053083920
947 377 8053083936
947 394 8053083952
947 947 8053083968
949 6 8053083984
949 54 8053084000
949 55 8053084016
949 56 8053084032
949 57 8053084048
949 59 8053084064
949 131 8053084080
949 211 8053084096
949 252 8053084112
949 271 8053084128
949 281 8053084144
949 285 8053084160
949 305 8053084176
949 411 8053084192
949 481 8053084208
949 511 8053084224
949 552 8053084240
949 685 8053084256
949 698 8053084272
949 809 8053084288
949 880 8053084304
949 949 8053084320
950 58 8053084336
950 74 8053084352
950 158 8053084368
950 166 8053084384
950 333 8053084400
950 427 8053084416
950 474 8053084432
950 856 8053084448
950 913 8053084464
951 141 8053084480
951 213 8053084496
951 359 8053084512
951 360 8053084528
951 525 8053084544
951 913 8053084560
951 951 8053084576
951 957 8053084592
952 28 8053084608
952 69 8053084624
952 81 8053084640
952 509 8053084656
952 540 8053084672
952 710 8053084688
952 952 8053084704
953 23 8053084720
953 26 8053084736
953 28 8053084752
953 35 8053084768
953 292 8053084784
953 301 8053084800
953 590 8053084816
953 699 8053084832
953 816 8053084848
953 822 8053084864
953 845 8053084880
953 900 8053084896
953 997 8053084912
954 87 8053084928
954 154 8053084944
954 518 8053084960
955 128 8053084976
955 820 8053084992
955 955 8053085008
956 11 8053085024
956 183 8053085040
956 362 8053085056
956 506 8053085072
956 913 8053085088
956 922 8053085104
956 933 8053085120
957 12 8053085136
957 19 8053085152
957 141 8053085168
957 213 8053085184
957 265 8053085200
957 569 8053085216
957 700 8053085232
957 707 8053085248
957 951 8053085264
958 69 8053085280
958 509 8053085296
958 962 8053085312
962 958 8053085328
963 58 8053085344
963 82 8053085360
963 83 8053085376
963 86 8053085392
963 87 8053085408
963 107 8053085424
963 121 8053085440
963 131 8053085456
963 142 8053085472
963 154 8053085488
963 158 8053085504
963 159 8053085520
963 160 8053085536
963 209 8053085552
963 210 8053085568
963 234 8053085584
963 235 8053085600
963 236 8053085616
963 237 8053085632
963 238 8053085648
963 240 8053085664
963 241 8053085680
963 242 8053085696
963 243 8053085712
963 244 8053085728
963 301 8053085744
963 319 8053085760
963 404 8053085776
963 473 8053085792
963 546 8053085808
963 612 8053085824
963 643 8053085840
963 859 8053085856
963 926 8053085872
963 927 8053085888
963 930 8053085904
963 931 8053085920
963 932 8053085936
963 950 8053085952
963 963 8053085968
968 968 8053085984
969 184 8053086000
969 509 8053086016
970 51 8053086032
970 128 8053086048
970 546 8053086064
970 820 8053086080
970 917 8053086096
971 2 8053086112
971 3 8053086128
971 4 8053086144
971 8 8053086160
971 9 8053086176
971 10 8053086192
971 20 8053086208
971 26 8053086224
971 29 8053086240
971 47 8053086256
971 63 8053086272
971 93 8053086288
971 108 8053086304
971 113 8053086320
971 114 8053086336
971 133 8053086352
971 174 8053086368
971 179 8053086384
971 184 8053086400
971 188 8053086416
971 190 8053086432
971 196 8053086448
971 216 8053086464
971 232 8053086480
971 235 8053086496
971 251 8053086512
971 277 8053086528
971 284 8053086544
971 304 8053086560
971 307 8053086576
971 321 8053086592
971 324 8053086608
971 325 8053086624
971 332 8053086640
971 336 8053086656
971 343 8053086672
971 360 8053086688
971 361 8053086704
971 391 8053086720
971 400 8053086736
971 401 8053086752
971 403 8053086768
971 406 8053086784
971 412 8053086800
971 416 8053086816
971 417 8053086832
971 423 8053086848
971 430 8053086864
971 444 8053086880
971 448 8053086896
971 452 8053086912
971 457 8053086928
971 466 8053086944
971 467 8053086960
971 470 8053086976
971 480 8053086992
971 488 8053087008
971 504 8053087024
971 505 8053087040
971 506 8053087056
971 514 8053087072
971 520 8053087088
971 540 8053087104
971 554 8053087120
971 566 8053087136
971 569 8053087152
971 570 8053087168
971 582 8053087184
971 608 8053087200
971 627 8053087216
971 672 8053087232
971 679 8053087248
971 695 8053087264
971 699 8053087280
971 700 8053087296
971 710 8053087312
971 723 8053087328
971 729 8053087344
971 740 8053087360
971 747 8053087376
971 754 8053087392
971 777 8053087408
971 778 8053087424
971 799 8053087440
971 804 8053087456
971 805 8053087472
971 809 8053087488
971 812 8053087504
971 823 8053087520
971 844 8053087536
971 893 8053087552
971 971 8053087568
971 973 8053087584
971 975 8053087600
974 87 8053087616
974 94 8053087632
974 128 8053087648
974 593 8053087664
974 917 8053087680
974 918 8053087696
976 47 8053087712
976 48 8053087728
976 76 8053087744
976 113 8053087760
976 114 8053087776
976 171 8053087792
976 245 8053087808
976 263 8053087824
976 318 8053087840
976 333 8053087856
976 361 8053087872
976 417 8053087888
976 423 8053087904
976 442 8053087920
976 443 8053087936
976 444 8053087952
976 455 8053087968
976 485 8053087984
976 527 8053088000
976 547 8053088016
976 847 8053088032
976 919 8053088048
976 925 8053088064
976 976 8053088080
976 981 8053088096
977 977 8053088112
978 165 8053088128
978 860 8053088144
978 900 8053088160
979 1 8053088176
979 106 8053088192
979 170 8053088208
979 316 8053088224
979 745 8053088240
979 979 8053088256
980 5 8053088272
980 13 8053088288
980 64 8053088304
980 119 8053088320
980 261 8053088336
980 367 8053088352
980 427 8053088368
980 470 8053088384
980 757 8053088400
980 980 8053088416
981 47 8053088432
981 48 8053088448
981 76 8053088464
981 113 8053088480
981 114 8053088496
981 171 8053088512
981 245 8053088528
981 263 8053088544
981 318 8053088560
981 333 8053088576
981 361 8053088592
981 411 8053088608
981 417 8053088624
981 423 8053088640
981 442 8053088656
981 443 8053088672
981 444 8053088688
981 455 8053088704
981 485 8053088720
981 527 8053088736
981 547 8053088752
981 847 8053088768
981 919 8053088784
981 925 8053088800
981 981 8053088816
982 137 8053088832
989 329 8053088848
989 989 8053088864
990 4 8053088880
990 138 8053088896
991 412 8053088912
991 520 8053088928
991 812 8053088944
992 129 8053088960
992 992 8053088976
995 712 8053088992
996 12 8053089008
999 145 8053089024
1000 14 8053089040
1000 166 8053089056
1000 206 8053089072
1000 232 8053089088
1000 292 8053089104
1000 918 8053089120
1001 2 8053089136
1001 4 8053089152
1001 6 8053089168
1001 193 8053089184
1001 194 8053089200
1001 803 8053089216
1001 826 8053089232
1001 832 8053089248
1001 990 8053089264
1003 258 8053089280
