124 45 1073741824
124 64 1073741840
124 97 1073741856
124 98 1073741872
124 99 1073741888
124 100 1073741904
124 101 1073741920
124 124 1073741936
124 125 1073741952
124 139 1073741968
124 142 1073741984
124 166 1073742000
124 173 1073742016
124 185 1073742032
124 282 1073742048
124 300 1073742064
124 323 1073742080
124 335 1073742096
124 353 1073742112
124 354 1073742128
124 371 1073742144
124 404 1073742160
124 405 1073742176
124 424 1073742192
124 429 1073742208
124 513 1073742224
124 592 1073742240
124 618 1073742256
124 640 1073742272
124 662 1073742288
124 706 1073742304
124 708 1073742320
124 768 1073742336
124 892 1073742352
124 896 1073742368
125 5 1073742384
125 15 1073742400
125 62 1073742416
125 97 1073742432
125 98 1073742448
125 99 1073742464
125 100 1073742480
125 101 1073742496
125 124 1073742512
125 125 1073742528
125 142 1073742544
125 166 1073742560
125 283 1073742576
125 323 1073742592
125 353 1073742608
125 354 1073742624
125 371 1073742640
125 404 1073742656
125 424 1073742672
125 618 1073742688
125 640 1073742704
125 708 1073742720
125 768 1073742736
125 937 1073742752
126 2 1073742768
126 6 1073742784
126 13 1073742800
126 54 1073742816
126 55 1073742832
126 56 1073742848
126 57 1073742864
126 58 1073742880
126 63 1073742896
126 126 1073742912
126 131 1073742928
126 137 1073742944
126 138 1073742960
126 174 1073742976
126 208 1073742992
126 211 1073743008
126 271 1073743024
126 285 1073743040
126 286 1073743056
126 411 1073743072
126 552 1073743088
126 586 1073743104
126 698 1073743120
126 723 1073743136
126 812 1073743152
127 1 1073743168
127 20 1073743184
127 21 1073743200
127 22 1073743216
127 36 1073743232
127 37 1073743248
127 92 1073743264
127 105 1073743280
127 107 1073743296
127 128 1073743312
127 129 1073743328
127 130 1073743344
127 160 1073743360
127 169 1073743376
127 189 1073743392
127 227 1073743408
127 318 1073743424
127 377 1073743440
127 533 1073743456
127 613 1073743472
128 1 1073743488
128 5 1073743504
128 6 1073743520
128 11 1073743536
128 13 1073743552
128 14 1073743568
128 15 1073743584
128 16 1073743600
128 21 1073743616
128 23 1073743632
128 27 1073743648
128 28 1073743664
128 30 1073743680
128 35 1073743696
128 36 1073743712
128 41 1073743728
128 42 1073743744
128 44 1073743760
128 51 1073743776
128 52 1073743792
128 53 1073743808
128 62 1073743824
128 63 1073743840
128 64 1073743856
128 79 1073743872
128 81 1073743888
128 82 1073743904
128 86 1073743920
128 87 1073743936
128 93 1073743952
128 94 1073743968
128 95 1073743984
128 105 1073744000
128 106 1073744016
128 107 1073744032
128 114 1073744048
128 116 1073744064
128 118 1073744080
128 121 1073744096
128 128 1073744112
128 129 1073744128
128 133 1073744144
128 143 1073744160
128 152 1073744176
128 155 1073744192
128 157 1073744208
128 160 1073744224
128 165 1073744240
128 166 1073744256
128 167 1073744272
128 169 1073744288
128 172 1073744304
128 183 1073744320
128 196 1073744336
128 197 1073744352
128 199 1073744368
128 200 1073744384
128 201 1073744400
128 203 1073744416
128 204 1073744432
128 205 1073744448
128 206 1073744464
128 207 1073744480
128 209 1073744496
128 210 1073744512
128 214 1073744528
128 215 1073744544
128 218 1073744560
128 220 1073744576
128 249 1073744592
128 256 1073744608
128 280 1073744624
128 283 1073744640
128 290 1073744656
128 295 1073744672
128 327 1073744688
128 340 1073744704
128 343 1073744720
128 346 1073744736
128 362 1073744752
128 363 1073744768
128 365 1073744784
128 367 1073744800
128 371 1073744816
128 377 1073744832
128 378 1073744848
128 388 1073744864
128 405 1073744880
128 419 1073744896
128 420 1073744912
128 430 1073744928
128 434 1073744944
128 445 1073744960
128 474 1073744976
128 486 1073744992
128 490 1073745008
128 494 1073745024
128 526 1073745040
128 557 1073745056
128 576 1073745072
128 593 1073745088
128 607 1073745104
128 734 1073745120
128 820 1073745136
128 900 1073745152
128 917 1073745168
128 932 1073745184
128 940 1073745200
128 955 1073745216
128 974 1073745232
129 14 1073745248
129 19 1073745264
129 21 1073745280
129 28 1073745296
129 35 1073745312
129 41 1073745328
129 42 1073745344
129 44 1073745360
129 46 1073745376
129 47 1073745392
129 53 1073745408
129 62 1073745424
129 63 1073745440
129 64 1073745456
129 65 1073745472
129 81 1073745488
129 86 1073745504
129 87 1073745520
129 88 1073745536
129 93 1073745552
129 105 1073745568
129 106 1073745584
129 107 1073745600
129 113 1073745616
129 114 1073745632
129 115 1073745648
129 116 1073745664
129 121 1073745680
129 123 1073745696
129 128 1073745712
129 129 1073745728
129 130 1073745744
129 133 1073745760
129 160 1073745776
129 161 1073745792
129 162 1073745808
129 165 1073745824
129 166 1073745840
129 168 1073745856
129 169 1073745872
129 172 1073745888
129 173 1073745904
129 176 1073745920
129 180 1073745936
129 183 1073745952
129 184 1073745968
129 186 1073745984
129 187 1073746000
129 188 1073746016
129 198 1073746032
129 203 1073746048
129 208 1073746064
129 210 1073746080
129 211 1073746096
129 212 1073746112
129 214 1073746128
129 221 1073746144
129 231 1073746160
129 232 1073746176
129 249 1073746192
129 256 1073746208
129 270 1073746224
129 275 1073746240
129 278 1073746256
129 280 1073746272
129 282 1073746288
129 283 1073746304
129 285 1073746320
129 286 1073746336
129 290 1073746352
129 291 1073746368
129 292 1073746384
129 294 1073746400
129 296 1073746416
129 303 1073746432
129 308 1073746448
129 329 1073746464
129 340 1073746480
129 343 1073746496
129 346 1073746512
129 351 1073746528
129 362 1073746544
129 363 1073746560
129 365 1073746576
129 367 1073746592
129 371 1073746608
129 377 1073746624
129 399 1073746640
129 401 1073746656
129 403 1073746672
129 405 1073746688
129 413 1073746704
129 419 1073746720
129 422 1073746736
129 426 1073746752
129 430 1073746768
129 434 1073746784
129 438 1073746800
129 440 1073746816
129 450 1073746832
129 457 1073746848
129 458 1073746864
129 460 1073746880
129 464 1073746896
129 473 1073746912
129 484 1073746928
129 486 1073746944
129 493 1073746960
129 495 1073746976
129 515 1073746992
129 526 1073747008
129 542 1073747024
129 543 1073747040
129 544 1073747056
129 546 1073747072
129 557 1073747088
129 562 1073747104
129 563 1073747120
129 568 1073747136
129 572 1073747152
129 576 1073747168
129 585 1073747184
129 600 1073747200
129 611 1073747216
129 615 1073747232
129 623 1073747248
129 694 1073747264
129 695 1073747280
129 714 1073747296
129 748 1073747312
129 789 1073747328
129 820 1073747344
129 840 1073747360
129 909 1073747376
129 922 1073747392
129 932 1073747408
130 130 1073747424
131 2 1073747440
131 54 1073747456
131 55 1073747472
131 57 1073747488
131 58 1073747504
131 63 1073747520
131 64 1073747536
131 82 1073747552
131 83 1073747568
131 87 1073747584
131 96 1073747600
131 101 1073747616
131 121 1073747632
131 126 1073747648
131 131 1073747664
131 132 1073747680
131 160 1073747696
131 163 1073747712
131 208 1073747728
131 211 1073747744
131 212 1073747760
131 249 1073747776
131 252 1073747792
131 271 1073747808
131 282 1073747824
131 283 1073747840
131 285 1073747856
131 305 1073747872
131 366 1073747888
131 373 1073747904
131 411 1073747920
131 419 1073747936
131 422 1073747952
131 481 1073747968
131 532 1073747984
131 552 1073748000
131 586 1073748016
131 604 1073748032
131 612 1073748048
131 646 1073748064
131 683 1073748080
131 698 1073748096
131 717 1073748112
131 809 1073748128
131 832 1073748144
131 859 1073748160
131 932 1073748176
131 949 1073748192
131 950 1073748208
131 963 1073748224
132 5 1073748240
132 6 1073748256
132 16 1073748272
132 46 1073748288
132 54 1073748304
132 58 1073748320
132 62 1073748336
132 63 1073748352
132 82 1073748368
132 86 1073748384
132 87 1073748400
132 89 1073748416
132 106 1073748432
132 107 1073748448
132 121 1073748464
132 131 1073748480
132 132 1073748496
132 142 1073748512
132 152 1073748528
132 158 1073748544
132 160 1073748560
132 166 1073748576
132 192 1073748592
132 194 1073748608
132 208 1073748624
132 210 1073748640
132 211 1073748656
132 217 1073748672
132 234 1073748688
132 236 1073748704
132 242 1073748720
132 243 1073748736
132 249 1073748752
132 252 1073748768
132 256 1073748784
132 258 1073748800
132 271 1073748816
132 282 1073748832
132 283 1073748848
132 285 1073748864
132 301 1073748880
132 305 1073748896
132 366 1073748912
132 371 1073748928
132 405 1073748944
132 411 1073748960
132 424 1073748976
132 434 1073748992
132 481 1073749008
132 518 1073749024
132 532 1073749040
132 552 1073749056
132 599 1073749072
132 738 1073749088
132 807 1073749104
132 809 1073749120
132 859 1073749136
132 949 1073749152
133 5 1073749168
133 10 1073749184
133 11 1073749200
133 14 1073749216
133 18 1073749232
133 25 1073749248
133 27 1073749264
133 28 1073749280
133 30 1073749296
133 39 1073749312
133 41 1073749328
133 42 1073749344
133 44 1073749360
133 51 1073749376
133 52 1073749392
133 60 1073749408
133 62 1073749424
133 64 1073749440
133 65 1073749456
133 79 1073749472
133 93 1073749488
133 106 1073749504
133 107 1073749520
133 113 1073749536
133 114 1073749552
133 116 1073749568
133 128 1073749584
133 129 1073749600
133 133 1073749616
133 135 1073749632
133 136 1073749648
133 142 1073749664
133 143 1073749680
133 155 1073749696
133 160 1073749712
133 162 1073749728
133 165 1073749744
133 166 1073749760
133 167 1073749776
133 168 1073749792
133 169 1073749808
133 170 1073749824
133 171 1073749840
133 172 1073749856
133 179 1073749872
133 181 1073749888
133 183 1073749904
133 201 1073749920
133 206 1073749936
133 208 1073749952
133 232 1073749968
133 256 1073749984
133 261 1073750000
133 280 1073750016
133 283 1073750032
133 284 1073750048
133 291 1073750064
133 292 1073750080
133 307 1073750096
133 308 1073750112
133 333 1073750128
133 336 1073750144
133 337 1073750160
133 340 1073750176
133 346 1073750192
133 361 1073750208
133 362 1073750224
133 365 1073750240
133 367 1073750256
133 377 1073750272
133 399 1073750288
133 400 1073750304
133 401 1073750320
133 402 1073750336
133 403 1073750352
133 405 1073750368
133 417 1073750384
133 419 1073750400
133 420 1073750416
133 443 1073750432
133 445 1073750448
133 464 1073750464
133 482 1073750480
133 493 1073750496
133 531 1073750512
133 544 1073750528
133 545 1073750544
133 547 1073750560
133 557 1073750576
133 568 1073750592
133 581 1073750608
133 600 1073750624
133 820 1073750640
134 5 1073750656
134 6 1073750672
134 10 1073750688
134 64 1073750704
134 74 1073750720
134 133 1073750736
134 134 1073750752
134 173 1073750768
134 340 1073750784
134 372 1073750800
134 373 1073750816
134 482 1073750832
134 521 1073750848
134 523 1073750864
134 535 1073750880
134 553 1073750896
134 554 1073750912
134 598 1073750928
134 766 1073750944
134 777 1073750960
134 867 1073750976
135 5 1073750992
135 23 1073751008
135 40 1073751024
135 62 1073751040
135 75 1073751056
135 96 1073751072
135 115 1073751088
135 116 1073751104
135 135 1073751120
135 136 1073751136
135 165 1073751152
135 251 1073751168
135 336 1073751184
135 337 1073751200
135 338 1073751216
135 339 1073751232
135 361 1073751248
135 409 1073751264
135 437 1073751280
135 443 1073751296
135 455 1073751312
135 860 1073751328
135 914 1073751344
136 27 1073751360
136 41 1073751376
136 89 1073751392
136 115 1073751408
136 116 1073751424
136 135 1073751440
136 136 1073751456
136 151 1073751472
136 165 1073751488
136 169 1073751504
136 170 1073751520
136 251 1073751536
136 337 1073751552
136 361 1073751568
136 437 1073751584
136 455 1073751600
136 464 1073751616
137 2 1073751632
137 3 1073751648
137 4 1073751664
137 6 1073751680
137 20 1073751696
137 21 1073751712
137 22 1073751728
137 46 1073751744
137 54 1073751760
137 56 1073751776
137 57 1073751792
137 58 1073751808
137 59 1073751824
137 62 1073751840
137 63 1073751856
137 80 1073751872
137 81 1073751888
137 87 1073751904
137 88 1073751920
137 92 1073751936
137 107 1073751952
137 121 1073751968
137 126 1073751984
137 129 1073752000
137 137 1073752016
137 138 1073752032
137 139 1073752048
137 155 1073752064
137 160 1073752080
137 164 1073752096
137 166 1073752112
137 174 1073752128
137 175 1073752144
137 183 1073752160
137 194 1073752176
137 208 1073752192
137 210 1073752208
137 211 1073752224
137 252 1073752240
137 272 1073752256
137 281 1073752272
137 285 1073752288
137 286 1073752304
137 298 1073752320
137 301 1073752336
137 303 1073752352
137 305 1073752368
137 329 1073752384
137 365 1073752400
137 371 1073752416
137 408 1073752432
137 412 1073752448
137 420 1073752464
137 434 1073752480
137 520 1073752496
137 546 1073752512
137 552 1073752528
137 571 1073752544
137 663 1073752560
137 665 1073752576
137 679 1073752592
137 685 1073752608
137 812 1073752624
137 815 1073752640
137 859 1073752656
137 877 1073752672
137 880 1073752688
138 2 1073752704
138 3 1073752720
138 4 1073752736
138 54 1073752752
138 56 1073752768
138 57 1073752784
138 58 1073752800
138 59 1073752816
138 63 1073752832
138 86 1073752848
138 126 1073752864
138 137 1073752880
138 160 1073752896
138 211 1073752912
138 252 1073752928
138 285 1073752944
138 286 1073752960
138 301 1073752976
138 305 1073752992
138 408 1073753008
138 409 1073753024
138 412 1073753040
138 420 1073753056
138 481 1073753072
138 685 1073753088
138 809 1073753104
138 815 1073753120
138 880 1073753136
138 921 1073753152
138 990 1073753168
139 15 1073753184
139 45 1073753200
139 46 1073753216
139 76 1073753232
139 107 1073753248
139 124 1073753264
139 129 1073753280
139 139 1073753296
139 140 1073753312
139 164 1073753328
139 216 1073753344
139 269 1073753360
139 273 1073753376
139 274 1073753392
139 282 1073753408
139 334 1073753424
139 335 1073753440
139 342 1073753456
139 428 1073753472
139 429 1073753488
139 445 1073753504
139 446 1073753520
139 447 1073753536
139 448 1073753552
139 461 1073753568
139 541 1073753584
139 581 1073753600
139 592 1073753616
139 819 1073753632
139 933 1073753648
140 5 1073753664
140 6 1073753680
140 15 1073753696
140 45 1073753712
140 46 1073753728
140 64 1073753744
140 139 1073753760
140 140 1073753776
140 164 1073753792
140 174 1073753808
140 216 1073753824
140 269 1073753840
140 272 1073753856
140 274 1073753872
140 282 1073753888
140 301 1073753904
140 322 1073753920
140 334 1073753936
140 335 1073753952
140 428 1073753968
140 429 1073753984
140 446 1073754000
140 447 1073754016
140 448 1073754032
140 461 1073754048
140 592 1073754064
140 617 1073754080
140 644 1073754096
140 735 1073754112
140 819 1073754128
140 929 1073754144
141 5 1073754160
141 6 1073754176
141 7 1073754192
141 8 1073754208
141 9 1073754224
141 11 1073754240
141 12 1073754256
141 14 1073754272
141 19 1073754288
141 44 1073754304
141 51 1073754320
141 62 1073754336
141 64 1073754352
141 81 1073754368
141 86 1073754384
141 107 1073754400
141 141 1073754416
141 142 1073754432
141 161 1073754448
141 166 1073754464
141 213 1073754480
141 232 1073754496
141 249 1073754512
141 265 1073754528
141 266 1073754544
141 293 1073754560
141 327 1073754576
141 332 1073754592
141 358 1073754608
141 359 1073754624
141 360 1073754640
141 362 1073754656
141 365 1073754672
141 407 1073754688
141 420 1073754704
141 421 1073754720
141 430 1073754736
141 431 1073754752
141 438 1073754768
141 452 1073754784
141 466 1073754800
141 488 1073754816
141 496 1073754832
141 498 1073754848
141 499 1073754864
141 502 1073754880
141 504 1073754896
141 506 1073754912
141 510 1073754928
141 525 1073754944
141 529 1073754960
141 533 1073754976
141 566 1073754992
141 573 1073755008
141 601 1073755024
141 602 1073755040
141 608 1073755056
141 661 1073755072
141 666 1073755088
141 672 1073755104
141 674 1073755120
141 729 1073755136
141 856 1073755152
141 913 1073755168
141 922 1073755184
141 951 1073755200
141 957 1073755216
142 1 1073755232
142 4 1073755248
142 10 1073755264
142 17 1073755280
142 19 1073755296
142 20 1073755312
142 23 1073755328
142 28 1073755344
142 31 1073755360
142 41 1073755376
142 44 1073755392
142 45 1073755408
142 46 1073755424
142 58 1073755440
142 62 1073755456
142 64 1073755472
142 68 1073755488
142 74 1073755504
142 77 1073755520
142 80 1073755536
142 81 1073755552
142 82 1073755568
142 83 1073755584
142 84 1073755600
142 85 1073755616
142 86 1073755632
142 88 1073755648
142 100 1073755664
142 105 1073755680
142 106 1073755696
142 115 1073755712
142 121 1073755728
142 124 1073755744
142 125 1073755760
142 128 1073755776
142 129 1073755792
142 131 1073755808
142 133 1073755824
142 142 1073755840
142 145 1073755856
142 147 1073755872
142 151 1073755888
142 152 1073755904
142 153 1073755920
142 160 1073755936
142 163 1073755952
142 165 1073755968
142 166 1073755984
142 172 1073756000
142 173 1073756016
142 180 1073756032
142 183 1073756048
142 184 1073756064
142 187 1073756080
142 210 1073756096
142 211 1073756112
142 216 1073756128
142 222 1073756144
142 226 1073756160
142 233 1073756176
142 236 1073756192
142 248 1073756208
142 253 1073756224
142 254 1073756240
142 256 1073756256
142 263 1073756272
142 269 1073756288
142 271 1073756304
142 280 1073756320
142 282 1073756336
142 283 1073756352
142 285 1073756368
142 291 1073756384
142 296 1073756400
142 300 1073756416
142 303 1073756432
142 333 1073756448
142 338 1073756464
142 340 1073756480
142 353 1073756496
142 355 1073756512
142 356 1073756528
142 357 1073756544
142 366 1073756560
142 367 1073756576
142 375 1073756592
142 393 1073756608
142 404 1073756624
142 418 1073756640
142 424 1073756656
142 427 1073756672
142 434 1073756688
142 441 1073756704
142 450 1073756720
142 453 1073756736
142 458 1073756752
142 467 1073756768
142 474 1073756784
142 483 1073756800
142 493 1073756816
142 494 1073756832
142 508 1073756848
142 531 1073756864
142 571 1073756880
142 576 1073756896
142 577 1073756912
142 593 1073756928
142 597 1073756944
142 667 1073756960
142 747 1073756976
142 756 1073756992
142 783 1073757008
142 812 1073757024
142 820 1073757040
142 828 1073757056
142 856 1073757072
142 859 1073757088
142 896 1073757104
142 932 1073757120
142 963 1073757136
143 10 1073757152
143 18 1073757168
143 41 1073757184
143 42 1073757200
143 51 1073757216
143 62 1073757232
143 82 1073757248
143 86 1073757264
143 90 1073757280
143 91 1073757296
143 93 1073757312
143 108 1073757328
143 121 1073757344
143 128 1073757360
143 133 1073757376
143 142 1073757392
143 143 1073757408
143 166 1073757424
143 172 1073757440
143 197 1073757456
143 201 1073757472
143 290 1073757488
143 325 1073757504
143 326 1073757520
143 328 1073757536
143 329 1073757552
143 340 1073757568
143 357 1073757584
143 375 1073757600
143 405 1073757616
143 413 1073757632
143 419 1073757648
143 469 1073757664
143 474 1073757680
143 478 1073757696
143 480 1073757712
143 482 1073757728
143 484 1073757744
143 548 1073757760
143 714 1073757776
143 758 1073757792
144 144 1073757808
144 145 1073757824
144 166 1073757840
144 186 1073757856
144 254 1073757872
144 283 1073757888
144 433 1073757904
144 434 1073757920
144 492 1073757936
144 546 1073757952
145 4 1073757968
145 17 1073757984
145 20 1073758000
145 21 1073758016
145 42 1073758032
145 46 1073758048
145 58 1073758064
145 83 1073758080
145 86 1073758096
145 87 1073758112
145 105 1073758128
145 106 1073758144
145 114 1073758160
145 115 1073758176
145 121 1073758192
145 144 1073758208
145 145 1073758224
145 147 1073758240
145 160 1073758256
145 163 1073758272
145 166 1073758288
145 170 1073758304
145 180 1073758320
145 187 1073758336
145 188 1073758352
145 212 1073758368
145 233 1073758384
145 239 1073758400
145 249 1073758416
145 252 1073758432
145 255 1073758448
145 256 1073758464
145 269 1073758480
145 271 1073758496
145 283 1073758512
145 290 1073758528
145 299 1073758544
145 300 1073758560
145 303 1073758576
145 326 1073758592
145 333 1073758608
145 366 1073758624
145 393 1073758640
145 404 1073758656
145 422 1073758672
145 427 1073758688
145 434 1073758704
145 462 1073758720
145 474 1073758736
145 518 1073758752
145 546 1073758768
145 571 1073758784
145 591 1073758800
145 612 1073758816
145 615 1073758832
145 771 1073758848
145 828 1073758864
145 832 1073758880
145 856 1073758896
145 950 1073758912
145 999 1073758928
146 0 1073758944
146 1 1073758960
146 17 1073758976
146 18 1073758992
146 21 1073759008
146 52 1073759024
146 66 1073759040
146 67 1073759056
146 81 1073759072
146 85 1073759088
146 120 1073759104
146 146 1073759120
146 147 1073759136
146 160 1073759152
146 166 1073759168
146 177 1073759184
146 183 1073759200
146 187 1073759216
146 189 1073759232
146 226 1073759248
146 299 1073759264
146 316 1073759280
146 368 1073759296
146 533 1073759312
146 601 1073759328
146 615 1073759344
146 779 1073759360
147 1 1073759376
147 13 1073759392
147 17 1073759408
147 42 1073759424
147 62 1073759440
147 82 1073759456
147 83 1073759472
147 85 1073759488
147 87 1073759504
147 105 1073759520
147 106 1073759536
147 107 1073759552
147 115 1073759568
147 121 1073759584
147 142 1073759600
147 145 1073759616
147 152 1073759632
147 154 1073759648
147 155 1073759664
147 160 1073759680
147 166 1073759696
147 173 1073759712
147 189 1073759728
147 212 1073759744
147 233 1073759760
147 249 1073759776
147 254 1073759792
147 269 1073759808
147 301 1073759824
147 316 1073759840
147 329 1073759856
147 366 1073759872
147 422 1073759888
147 424 1073759904
147 434 1073759920
147 460 1073759936
147 473 1073759952
147 513 1073759968
147 533 1073759984
147 546 1073760000
147 612 1073760016
147 615 1073760032
147 644 1073760048
147 859 1073760064
147 932 1073760080
148 148 1073760096
148 149 1073760112
148 150 1073760128
148 179 1073760144
148 180 1073760160
148 191 1073760176
148 224 1073760192
148 225 1073760208
148 262 1073760224
148 280 1073760240
148 344 1073760256
148 349 1073760272
148 377 1073760288
148 401 1073760304
148 402 1073760320
148 434 1073760336
148 468 1073760352
149 6 1073760368
149 64 1073760384
149 88 1073760400
149 148 1073760416
149 149 1073760432
149 150 1073760448
149 157 1073760464
149 160 1073760480
149 167 1073760496
149 179 1073760512
149 180 1073760528
149 191 1073760544
149 206 1073760560
149 277 1073760576
149 284 1073760592
149 344 1073760608
149 347 1073760624
149 349 1073760640
149 381 1073760656
149 420 1073760672
149 440 1073760688
149 490 1073760704
149 575 1073760720
149 621 1073760736
149 655 1073760752
149 656 1073760768
150 60 1073760784
150 103 1073760800
150 104 1073760816
150 122 1073760832
150 148 1073760848
150 149 1073760864
150 150 1073760880
150 179 1073760896
150 181 1073760912
150 191 1073760928
150 215 1073760944
150 250 1073760960
150 295 1073760976
150 301 1073760992
150 368 1073761008
150 377 1073761024
150 378 1073761040
150 381 1073761056
150 389 1073761072
150 393 1073761088
150 397 1073761104
150 741 1073761120
150 820 1073761136
151 23 1073761152
151 24 1073761168
151 27 1073761184
151 28 1073761200
151 29 1073761216
151 30 1073761232
151 32 1073761248
151 34 1073761264
151 35 1073761280
151 37 1073761296
151 39 1073761312
151 85 1073761328
151 86 1073761344
151 121 1073761360
151 136 1073761376
151 142 1073761392
151 151 1073761408
151 165 1073761424
151 251 1073761440
151 261 1073761456
151 361 1073761472
151 367 1073761488
151 417 1073761504
151 424 1073761520
151 427 1073761536
151 438 1073761552
151 494 1073761568
151 655 1073761584
151 748 1073761600
151 753 1073761616
151 816 1073761632
152 21 1073761648
152 41 1073761664
152 49 1073761680
152 62 1073761696
152 70 1073761712
152 74 1073761728
152 79 1073761744
152 82 1073761760
152 84 1073761776
152 86 1073761792
152 87 1073761808
152 92 1073761824
152 107 1073761840
152 114 1073761856
152 115 1073761872
152 116 1073761888
152 121 1073761904
152 132 1073761920
152 147 1073761936
152 153 1073761952
152 154 1073761968
152 160 1073761984
152 166 1073762000
152 183 1073762016
152 187 1073762032
152 212 1073762048
152 256 1073762064
152 269 1073762080
152 271 1073762096
152 283 1073762112
152 288 1073762128
152 333 1073762144
152 340 1073762160
152 355 1073762176
152 364 1073762192
152 365 1073762208
152 366 1073762224
152 395 1073762240
152 404 1073762256
152 431 1073762272
152 433 1073762288
152 440 1073762304
152 458 1073762320
152 467 1073762336
152 492 1073762352
152 494 1073762368
152 518 1073762384
152 612 1073762400
153 16 1073762416
153 23 1073762432
153 49 1073762448
153 50 1073762464
153 58 1073762480
153 62 1073762496
153 82 1073762512
153 83 1073762528
153 86 1073762544
153 87 1073762560
153 105 1073762576
153 107 1073762592
153 115 1073762608
153 121 1073762624
153 142 1073762640
153 152 1073762656
153 154 1073762672
153 160 1073762688
153 166 1073762704
153 173 1073762720
153 180 1073762736
153 211 1073762752
153 212 1073762768
153 249 1073762784
153 256 1073762800
153 282 1073762816
153 283 1073762832
153 301 1073762848
153 333 1073762864
153 366 1073762880
153 393 1073762896
153 404 1073762912
153 422 1073762928
153 424 1073762944
153 427 1073762960
153 434 1073762976
153 474 1073762992
153 493 1073763008
153 494 1073763024
153 612 1073763040
153 654 1073763056
153 820 1073763072
153 856 1073763088
153 859 1073763104
153 932 1073763120
153 984 1073763136
154 17 1073763152
154 62 1073763168
154 87 1073763184
154 105 1073763200
154 106 1073763216
154 107 1073763232
154 114 1073763248
154 154 1073763264
154 155 1073763280
154 173 1073763296
154 183 1073763312
154 209 1073763328
154 236 1073763344
154 252 1073763360
154 269 1073763376
154 282 1073763392
154 363 1073763408
154 393 1073763424
154 412 1073763440
154 422 1073763456
154 424 1073763472
154 434 1073763488
154 474 1073763504
154 492 1073763520
154 493 1073763536
154 495 1073763552
154 513 1073763568
154 518 1073763584
154 533 1073763600
154 546 1073763616
154 647 1073763632
154 654 1073763648
154 820 1073763664
154 932 1073763680
154 954 1073763696
154 963 1073763712
155 1 1073763728
155 18 1073763744
155 19 1073763760
155 22 1073763776
155 31 1073763792
155 44 1073763808
155 46 1073763824
155 81 1073763840
155 87 1073763856
155 95 1073763872
155 98 1073763888
155 104 1073763904
155 106 1073763920
155 108 1073763936
155 114 1073763952
155 128 1073763968
155 130 1073763984
155 145 1073764000
155 147 1073764016
155 150 1073764032
155 153 1073764048
155 154 1073764064
155 157 1073764080
155 173 1073764096
155 181 1073764112
155 183 1073764128
155 187 1073764144
155 188 1073764160
155 189 1073764176
155 208 1073764192
155 209 1073764208
155 211 1073764224
155 213 1073764240
155 215 1073764256
155 221 1073764272
155 223 1073764288
155 236 1073764304
155 284 1073764320
155 285 1073764336
155 301 1073764352
155 326 1073764368
155 337 1073764384
155 351 1073764400
155 363 1073764416
155 377 1073764432
155 393 1073764448
155 420 1073764464
155 429 1073764480
155 470 1073764496
155 486 1073764512
155 495 1073764528
155 512 1073764544
155 518 1073764560
155 520 1073764576
155 541 1073764592
155 546 1073764608
155 589 1073764624
155 593 1073764640
155 655 1073764656
155 739 1073764672
155 849 1073764688
155 855 1073764704
155 877 1073764720
156 122 1073764736
156 157 1073764752
156 179 1073764768
156 180 1073764784
156 191 1073764800
156 232 1073764816
156 321 1073764832
156 342 1073764848
156 345 1073764864
156 349 1073764880
156 377 1073764896
156 381 1073764912
156 645 1073764928
156 697 1073764944
156 734 1073764960
156 906 1073764976
156 907 1073764992
157 5 1073765008
157 6 1073765024
157 53 1073765040
157 60 1073765056
157 61 1073765072
157 64 1073765088
157 103 1073765104
157 104 1073765120
157 128 1073765136
157 130 1073765152
157 149 1073765168
157 150 1073765184
157 156 1073765200
157 157 1073765216
157 174 1073765232
157 178 1073765248
157 179 1073765264
157 180 1073765280
157 181 1073765296
157 182 1073765312
157 191 1073765328
157 214 1073765344
157 231 1073765360
157 250 1073765376
157 278 1073765392
157 283 1073765408
157 284 1073765424
157 295 1073765440
157 296 1073765456
157 308 1073765472
157 320 1073765488
157 321 1073765504
157 342 1073765520
157 344 1073765536
157 345 1073765552
157 346 1073765568
157 347 1073765584
157 350 1073765600
157 351 1073765616
157 352 1073765632
157 368 1073765648
157 376 1073765664
157 377 1073765680
157 378 1073765696
157 379 1073765712
157 380 1073765728
157 381 1073765744
157 382 1073765760
157 383 1073765776
157 384 1073765792
157 385 1073765808
157 386 1073765824
157 387 1073765840
157 388 1073765856
157 389 1073765872
157 390 1073765888
157 391 1073765904
157 392 1073765920
157 393 1073765936
157 394 1073765952
157 395 1073765968
157 396 1073765984
157 397 1073766000
157 398 1073766016
157 483 1073766032
157 489 1073766048
157 668 1073766064
157 681 1073766080
157 719 1073766096
157 734 1073766112
158 2 1073766128
158 3 1073766144
158 4 1073766160
158 58 1073766176
158 62 1073766192
158 63 1073766208
158 89 1073766224
158 105 1073766240
158 107 1073766256
158 121 1073766272
158 132 1073766288
158 137 1073766304
158 158 1073766320
158 159 1073766336
158 174 1073766352
158 209 1073766368
158 210 1073766384
158 233 1073766400
158 234 1073766416
158 235 1073766432
158 236 1073766448
158 237 1073766464
158 238 1073766480
158 239 1073766496
158 240 1073766512
158 241 1073766528
158 242 1073766544
158 243 1073766560
158 244 1073766576
158 319 1073766592
158 405 1073766608
158 434 1073766624
158 599 1073766640
158 639 1073766656
158 926 1073766672
158 927 1073766688
158 930 1073766704
158 931 1073766720
158 950 1073766736
158 963 1073766752
159 11 1073766768
159 62 1073766784
159 89 1073766800
159 105 1073766816
159 158 1073766832
159 159 1073766848
159 160 1073766864
159 166 1073766880
159 209 1073766896
159 210 1073766912
159 215 1073766928
159 233 1073766944
159 234 1073766960
159 235 1073766976
159 236 1073766992
159 237 1073767008
159 238 1073767024
159 240 1073767040
159 241 1073767056
159 242 1073767072
159 243 1073767088
159 244 1073767104
159 301 1073767120
159 303 1073767136
159 434 1073767152
159 440 1073767168
159 460 1073767184
159 631 1073767200
159 820 1073767216
159 926 1073767232
159 927 1073767248
159 931 1073767264
159 963 1073767280
160 2 1073767296
160 3 1073767312
160 4 1073767328
160 8 1073767344
160 10 1073767360
160 12 1073767376
160 15 1073767392
160 17 1073767408
160 18 1073767424
160 19 1073767440
160 20 1073767456
160 21 1073767472
160 23 1073767488
160 25 1073767504
160 27 1073767520
160 28 1073767536
160 29 1073767552
160 30 1073767568
160 35 1073767584
160 36 1073767600
160 40 1073767616
160 41 1073767632
160 42 1073767648
160 44 1073767664
160 45 1073767680
160 47 1073767696
160 51 1073767712
160 54 1073767728
160 55 1073767744
160 56 1073767760
160 57 1073767776
160 58 1073767792
160 59 1073767808
160 61 1073767824
160 63 1073767840
160 65 1073767856
160 66 1073767872
160 67 1073767888
160 68 1073767904
160 69 1073767920
160 78 1073767936
160 79 1073767952
160 80 1073767968
160 81 1073767984
160 82 1073768000
160 83 1073768016
160 85 1073768032
160 87 1073768048
160 89 1073768064
160 90 1073768080
160 91 1073768096
160 92 1073768112
160 96 1073768128
160 103 1073768144
160 104 1073768160
160 106 1073768176
160 107 1073768192
160 108 1073768208
160 113 1073768224
160 114 1073768240
160 115 1073768256
160 116 1073768272
160 117 1073768288
160 123 1073768304
160 127 1073768320
160 128 1073768336
160 129 1073768352
160 130 1073768368
160 131 1073768384
160 132 1073768400
160 133 1073768416
160 135 1073768432
160 136 1073768448
160 137 1073768464
160 138 1073768480
160 139 1073768496
160 140 1073768512
160 141 1073768528
160 142 1073768544
160 143 1073768560
160 145 1073768576
160 147 1073768592
160 148 1073768608
160 149 1073768624
160 150 1073768640
160 152 1073768656
160 153 1073768672
160 156 1073768688
160 158 1073768704
160 159 1073768720
160 160 1073768736
160 161 1073768752
160 162 1073768768
160 163 1073768784
160 164 1073768800
160 165 1073768816
160 166 1073768832
160 169 1073768848
160 170 1073768864
160 171 1073768880
160 173 1073768896
160 179 1073768912
160 180 1073768928
160 181 1073768944
160 183 1073768960
160 184 1073768976
160 187 1073768992
160 188 1073769008
160 189 1073769024
160 190 1073769040
160 191 1073769056
160 193 1073769072
160 194 1073769088
160 195 1073769104
160 197 1073769120
160 200 1073769136
160 201 1073769152
160 205 1073769168
160 206 1073769184
160 207 1073769200
160 209 1073769216
160 210 1073769232
160 212 1073769248
160 214 1073769264
160 216 1073769280
160 218 1073769296
160 221 1073769312
160 222 1073769328
160 223 1073769344
160 224 1073769360
160 226 1073769376
160 228 1073769392
160 230 1073769408
160 232 1073769424
160 233 1073769440
160 236 1073769456
160 237 1073769472
160 240 1073769488
160 242 1073769504
160 245 1073769520
160 249 1073769536
160 250 1073769552
160 251 1073769568
160 252 1073769584
160 255 1073769600
160 256 1073769616
160 258 1073769632
160 261 1073769648
160 262 1073769664
160 263 1073769680
160 264 1073769696
160 268 1073769712
160 269 1073769728
160 270 1073769744
160 275 1073769760
160 278 1073769776
160 279 1073769792
160 280 1073769808
160 281 1073769824
160 282 1073769840
160 283 1073769856
160 284 1073769872
160 285 1073769888
160 286 1073769904
160 287 1073769920
160 292 1073769936
160 294 1073769952
160 296 1073769968
160 298 1073769984
160 300 1073770000
160 302 1073770016
160 303 1073770032
160 306 1073770048
160 308 1073770064
160 310 1073770080
160 312 1073770096
160 314 1073770112
160 316 1073770128
160 318 1073770144
160 319 1073770160
160 320 1073770176
160 321 1073770192
160 323 1073770208
160 326 1073770224
160 327 1073770240
160 329 1073770256
160 333 1073770272
160 336 1073770288
160 337 1073770304
160 338 1073770320
160 339 1073770336
160 340 1073770352
160 342 1073770368
160 343 1073770384
160 345 1073770400
160 346 1073770416
160 347 1073770432
160 349 1073770448
160 351 1073770464
160 352 1073770480
160 353 1073770496
160 355 1073770512
160 356 1073770528
160 361 1073770544
160 362 1073770560
160 367 1073770576
160 368 1073770592
160 369 1073770608
160 371 1073770624
160 375 1073770640
160 376 1073770656
160 377 1073770672
160 379 1073770688
160 380 1073770704
160 381 1073770720
160 385 1073770736
160 388 1073770752
160 389 1073770768
160 393 1073770784
160 394 1073770800
160 395 1073770816
160 397 1073770832
160 400 1073770848
160 401 1073770864
160 404 1073770880
160 405 1073770896
160 406 1073770912
160 410 1073770928
160 413 1073770944
160 417 1073770960
160 418 1073770976
160 423 1073770992
160 424 1073771008
160 426 1073771024
160 427 1073771040
160 428 1073771056
160 429 1073771072
160 430 1073771088
160 431 1073771104
160 435 1073771120
160 440 1073771136
160 441 1073771152
160 445 1073771168
160 446 1073771184
160 448 1073771200
160 452 1073771216
160 453 1073771232
160 454 1073771248
160 458 1073771264
160 464 1073771280
160 466 1073771296
160 467 1073771312
160 468 1073771328
160 471 1073771344
160 474 1073771360
160 478 1073771376
160 480 1073771392
160 481 1073771408
160 482 1073771424
160 484 1073771440
160 486 1073771456
160 490 1073771472
160 492 1073771488
160 493 1073771504
160 495 1073771520
160 496 1073771536
160 498 1073771552
160 501 1073771568
160 504 1073771584
160 506 1073771600
160 509 1073771616
160 512 1073771632
160 519 1073771648
160 520 1073771664
160 526 1073771680
160 529 1073771696
160 533 1073771712
160 539 1073771728
160 541 1073771744
160 548 1073771760
160 549 1073771776
160 550 1073771792
160 551 1073771808
160 552 1073771824
160 557 1073771840
160 559 1073771856
160 562 1073771872
160 573 1073771888
160 576 1073771904
160 582 1073771920
160 589 1073771936
160 591 1073771952
160 592 1073771968
160 601 1073771984
160 610 1073772000
160 611 1073772016
160 621 1073772032
160 641 1073772048
160 663 1073772064
160 666 1073772080
160 667 1073772096
160 672 1073772112
160 676 1073772128
160 681 1073772144
160 685 1073772160
160 690 1073772176
160 717 1073772192
160 724 1073772208
160 730 1073772224
160 736 1073772240
160 747 1073772256
160 748 1073772272
160 776 1073772288
160 778 1073772304
160 786 1073772320
160 799 1073772336
160 809 1073772352
160 812 1073772368
160 818 1073772384
160 820 1073772400
160 821 1073772416
160 826 1073772432
160 828 1073772448
160 832 1073772464
160 856 1073772480
160 857 1073772496
160 859 1073772512
160 877 1073772528
160 880 1073772544
160 882 1073772560
160 892 1073772576
160 896 1073772592
160 906 1073772608
160 963 1073772624
161 7 1073772640
161 12 1073772656
161 19 1073772672
161 44 1073772688
161 87 1073772704
161 121 1073772720
161 129 1073772736
161 141 1073772752
161 160 1073772768
161 161 1073772784
161 264 1073772800
161 265 1073772816
161 267 1073772832
161 314 1073772848
161 358 1073772864
161 363 1073772880
161 405 1073772896
161 452 1073772912
161 496 1073772928
161 504 1073772944
161 555 1073772960
161 569 1073772976
161 661 1073772992
161 666 1073773008
161 707 1073773024
161 754 1073773040
162 2 1073773056
162 15 1073773072
162 31 1073773088
162 50 1073773104
162 58 1073773120
162 63 1073773136
162 71 1073773152
162 84 1073773168
162 90 1073773184
162 133 1073773200
162 163 1073773216
162 169 1073773232
162 181 1073773248
162 184 1073773264
162 186 1073773280
162 190 1073773296
162 195 1073773312
162 212 1073773328
162 236 1073773344
162 249 1073773360
162 253 1073773376
162 283 1073773392
162 288 1073773408
162 295 1073773424
162 321 1073773440
162 323 1073773456
162 333 1073773472
162 389 1073773488
162 393 1073773504
162 404 1073773520
162 412 1073773536
162 432 1073773552
162 433 1073773568
162 468 1073773584
162 492 1073773600
162 532 1073773616
162 541 1073773632
162 549 1073773648
162 643 1073773664
162 654 1073773680
162 747 1073773696
162 820 1073773712
163 5 1073773728
163 20 1073773744
163 42 1073773760
163 62 1073773776
163 72 1073773792
163 82 1073773808
163 83 1073773824
163 86 1073773840
163 87 1073773856
163 105 1073773872
163 106 1073773888
163 107 1073773904
163 115 1073773920
163 121 1073773936
163 142 1073773952
163 145 1073773968
163 154 1073773984
163 160 1073774000
163 162 1073774016
163 166 1073774032
163 170 1073774048
163 212 1073774064
163 249 1073774080
163 282 1073774096
163 366 1073774112
163 373 1073774128
163 377 1073774144
163 411 1073774160
163 420 1073774176
163 422 1073774192
163 434 1073774208
163 459 1073774224
163 518 1073774240
163 533 1073774256
163 546 1073774272
163 601 1073774288
163 612 1073774304
163 615 1073774320
163 643 1073774336
163 654 1073774352
163 932 1073774368
163 934 1073774384
164 2 1073774400
164 15 1073774416
164 16 1073774432
164 45 1073774448
164 46 1073774464
164 62 1073774480
164 64 1073774496
164 96 1073774512
164 107 1073774528
164 137 1073774544
164 139 1073774560
164 140 1073774576
164 160 1073774592
164 164 1073774608
164 170 1073774624
164 174 1073774640
164 216 1073774656
164 269 1073774672
164 272 1073774688
164 273 1073774704
164 281 1073774720
164 322 1073774736
164 334 1073774752
164 335 1073774768
164 388 1073774784
164 395 1073774800
164 412 1073774816
164 424 1073774832
164 428 1073774848
164 429 1073774864
164 446 1073774880
164 447 1073774896
164 448 1073774912
164 520 1073774928
164 535 1073774944
164 579 1073774960
164 592 1073774976
164 695 1073774992
164 735 1073775008
164 748 1073775024
164 929 1073775040
165 13 1073775056
165 23 1073775072
165 25 1073775088
165 26 1073775104
165 27 1073775120
165 28 1073775136
165 29 1073775152
165 30 1073775168
165 31 1073775184
165 32 1073775200
165 33 1073775216
165 34 1073775232
165 35 1073775248
165 36 1073775264
165 38 1073775280
165 39 1073775296
165 40 1073775312
165 47 1073775328
165 48 1073775344
165 51 1073775360
165 64 1073775376
165 75 1073775392
165 79 1073775408
165 82 1073775424
165 86 1073775440
165 89 1073775456
165 93 1073775472
165 96 1073775488
165 105 1073775504
165 107 1073775520
165 114 1073775536
165 115 1073775552
165 116 1073775568
165 119 1073775584
165 121 1073775600
165 123 1073775616
165 128 1073775632
165 129 1073775648
165 133 1073775664
165 135 1073775680
165 136 1073775696
165 142 1073775712
165 151 1073775728
165 160 1073775744
165 165 1073775760
165 166 1073775776
165 167 1073775792
165 169 1073775808
165 170 1073775824
165 171 1073775840
165 183 1073775856
165 186 1073775872
165 212 1073775888
165 223 1073775904
165 226 1073775920
165 229 1073775936
165 245 1073775952
165 251 1073775968
165 256 1073775984
165 261 1073776000
165 280 1073776016
165 290 1073776032
165 329 1073776048
165 336 1073776064
165 337 1073776080
165 338 1073776096
165 339 1073776112
165 340 1073776128
165 361 1073776144
165 362 1073776160
165 364 1073776176
165 365 1073776192
165 367 1073776208
165 409 1073776224
165 417 1073776240
165 420 1073776256
165 434 1073776272
165 437 1073776288
165 438 1073776304
165 443 1073776320
165 464 1073776336
165 482 1073776352
165 490 1073776368
165 492 1073776384
165 494 1073776400
165 531 1073776416
165 533 1073776432
165 545 1073776448
165 547 1073776464
165 550 1073776480
165 590 1073776496
165 725 1073776512
165 753 1073776528
165 816 1073776544
165 820 1073776560
165 844 1073776576
165 847 1073776592
165 860 1073776608
165 883 1073776624
165 900 1073776640
165 914 1073776656
166 0 1073776672
166 2 1073776688
166 3 1073776704
166 4 1073776720
166 12 1073776736
166 19 1073776752
166 20 1073776768
166 23 1073776784
166 28 1073776800
166 42 1073776816
166 44 1073776832
166 54 1073776848
166 55 1073776864
166 58 1073776880
166 61 1073776896
166 64 1073776912
166 69 1073776928
166 74 1073776944
166 81 1073776960
166 82 1073776976
166 83 1073776992
166 84 1073777008
166 86 1073777024
166 87 1073777040
166 93 1073777056
166 107 1073777072
166 114 1073777088
166 115 1073777104
166 127 1073777120
166 128 1073777136
166 129 1073777152
166 132 1073777168
166 133 1073777184
166 137 1073777200
166 139 1073777216
166 140 1073777232
166 141 1073777248
166 142 1073777264
166 143 1073777280
166 147 1073777296
166 150 1073777312
166 156 1073777328
166 158 1073777344
166 159 1073777360
166 160 1073777376
166 163 1073777392
166 165 1073777408
166 166 1073777424
166 168 1073777440
166 173 1073777456
166 174 1073777472
166 178 1073777488
166 181 1073777504
166 184 1073777520
166 187 1073777536
166 194 1073777552
166 209 1073777568
166 210 1073777584
166 212 1073777600
166 214 1073777616
166 218 1073777632
166 221 1073777648
166 222 1073777664
166 223 1073777680
166 234 1073777696
166 242 1073777712
166 243 1073777728
166 249 1073777744
166 250 1073777760
166 252 1073777776
166 269 1073777792
166 282 1073777808
166 283 1073777824
166 290 1073777840
166 296 1073777856
166 300 1073777872
166 303 1073777888
166 320 1073777904
166 340 1073777920
166 347 1073777936
166 351 1073777952
166 353 1073777968
166 355 1073777984
166 366 1073778000
166 373 1073778016
166 376 1073778032
166 377 1073778048
166 380 1073778064
166 393 1073778080
166 399 1073778096
166 404 1073778112
166 405 1073778128
166 422 1073778144
166 424 1073778160
166 426 1073778176
166 427 1073778192
166 429 1073778208
166 431 1073778224
166 434 1073778240
166 446 1073778256
166 459 1073778272
166 493 1073778288
166 506 1073778304
166 529 1073778320
166 536 1073778336
166 559 1073778352
166 573 1073778368
166 576 1073778384
166 601 1073778400
166 611 1073778416
166 641 1073778432
166 664 1073778448
166 666 1073778464
166 742 1073778480
166 756 1073778496
166 786 1073778512
166 799 1073778528
166 818 1073778544
166 820 1073778560
166 856 1073778576
166 857 1073778592
166 880 1073778608
166 882 1073778624
166 950 1073778640
166 1000 1073778656
167 14 1073778672
167 18 1073778688
167 41 1073778704
167 51 1073778720
167 53 1073778736
167 60 1073778752
167 94 1073778768
167 95 1073778784
167 122 1073778800
167 128 1073778816
167 130 1073778832
167 133 1073778848
167 149 1073778864
167 165 1073778880
167 167 1073778896
167 168 1073778912
167 172 1073778928
167 181 1073778944
167 182 1073778960
167 196 1073778976
167 197 1073778992
167 198 1073779008
167 199 1073779024
167 200 1073779040
167 201 1073779056
167 203 1073779072
167 204 1073779088
167 205 1073779104
167 206 1073779120
167 207 1073779136
167 218 1073779152
167 231 1073779168
167 232 1073779184
167 257 1073779200
167 277 1073779216
167 280 1073779232
167 284 1073779248
167 290 1073779264
167 292 1073779280
167 296 1073779296
167 339 1073779312
167 340 1073779328
167 342 1073779344
167 351 1073779360
167 377 1073779376
167 420 1073779392
167 426 1073779408
167 450 1073779424
167 460 1073779440
167 468 1073779456
167 483 1073779472
167 491 1073779488
167 515 1073779504
167 526 1073779520
167 572 1073779536
167 575 1073779552
167 593 1073779568
167 655 1073779584
167 749 1073779600
167 751 1073779616
167 776 1073779632
167 820 1073779648
167 908 1073779664
167 917 1073779680
167 918 1073779696
168 6 1073779712
168 14 1073779728
168 28 1073779744
168 35 1073779760
168 47 1073779776
168 83 1073779792
168 93 1073779808
168 113 1073779824
168 114 1073779840
168 122 1073779856
168 128 1073779872
168 129 1073779888
168 133 1073779904
168 160 1073779920
168 166 1073779936
168 167 1073779952
168 168 1073779968
168 172 1073779984
168 183 1073780000
168 198 1073780016
168 203 1073780032
168 206 1073780048
168 231 1073780064
168 275 1073780080
168 276 1073780096
168 278 1073780112
168 280 1073780128
168 284 1073780144
168 290 1073780160
168 291 1073780176
168 292 1073780192
168 346 1073780208
168 399 1073780224
168 403 1073780240
168 413 1073780256
168 424 1073780272
168 426 1073780288
168 434 1073780304
168 440 1073780320
168 450 1073780336
168 458 1073780352
168 484 1073780368
168 486 1073780384
168 491 1073780400
168 493 1073780416
168 494 1073780432
168 515 1073780448
168 523 1073780464
168 526 1073780480
168 533 1073780496
168 542 1073780512
168 544 1073780528
168 600 1073780544
168 611 1073780560
168 615 1073780576
168 764 1073780592
168 789 1073780608
168 820 1073780624
168 822 1073780640
168 840 1073780656
168 900 1073780672
169 5 1073780688
169 6 1073780704
169 13 1073780720
169 16 1073780736
169 21 1073780752
169 24 1073780768
169 28 1073780784
169 29 1073780800
169 30 1073780816
169 33 1073780832
169 35 1073780848
169 36 1073780864
169 41 1073780880
169 46 1073780896
169 62 1073780912
169 63 1073780928
169 64 1073780944
169 80 1073780960
169 81 1073780976
169 82 1073780992
169 89 1073781008
169 96 1073781024
169 105 1073781040
169 106 1073781056
169 107 1073781072
169 113 1073781088
169 114 1073781104
169 115 1073781120
169 116 1073781136
169 121 1073781152
169 123 1073781168
169 128 1073781184
169 129 1073781200
169 133 1073781216
169 135 1073781232
169 136 1073781248
169 137 1073781264
169 160 1073781280
169 162 1073781296
169 165 1073781312
169 169 1073781328
169 170 1073781344
169 172 1073781360
169 183 1073781376
169 201 1073781392
169 210 1073781408
169 211 1073781424
169 212 1073781440
169 229 1073781456
169 249 1073781472
169 251 1073781488
169 252 1073781504
169 255 1073781520
169 256 1073781536
169 261 1073781552
169 263 1073781568
169 280 1073781584
169 290 1073781600
169 300 1073781616
169 301 1073781632
169 303 1073781648
169 308 1073781664
169 318 1073781680
169 326 1073781696
169 329 1073781712
169 333 1073781728
169 336 1073781744
169 337 1073781760
169 338 1073781776
169 339 1073781792
169 340 1073781808
169 355 1073781824
169 360 1073781840
169 363 1073781856
169 364 1073781872
169 365 1073781888
169 366 1073781904
169 367 1073781920
169 371 1073781936
169 375 1073781952
169 405 1073781968
169 419 1073781984
169 427 1073782000
169 434 1073782016
169 437 1073782032
169 438 1073782048
169 450 1073782064
169 455 1073782080
169 460 1073782096
169 464 1073782112
169 494 1073782128
169 495 1073782144
169 531 1073782160
169 548 1073782176
169 588 1073782192
169 638 1073782208
169 734 1073782224
169 753 1073782240
169 816 1073782256
169 820 1073782272
169 828 1073782288
169 860 1073782304
169 900 1073782320
169 914 1073782336
169 987 1073782352
170 5 1073782368
170 13 1073782384
170 16 1073782400
170 23 1073782416
170 26 1073782432
170 27 1073782448
170 28 1073782464
170 31 1073782480
170 35 1073782496
170 36 1073782512
170 38 1073782528
170 40 1073782544
170 62 1073782560
170 64 1073782576
170 96 1073782592
170 105 1073782608
170 107 1073782624
170 114 1073782640
170 115 1073782656
170 116 1073782672
170 117 1073782688
170 123 1073782704
170 133 1073782720
170 135 1073782736
170 136 1073782752
170 145 1073782768
170 151 1073782784
170 160 1073782800
170 163 1073782816
170 164 1073782832
170 165 1073782848
170 169 1073782864
170 170 1073782880
170 183 1073782896
170 188 1073782912
170 212 1073782928
170 229 1073782944
170 251 1073782960
170 254 1073782976
170 256 1073782992
170 261 1073783008
170 280 1073783024
170 282 1073783040
170 301 1073783056
170 303 1073783072
170 310 1073783088
170 336 1073783104
170 337 1073783120
170 338 1073783136
170 339 1073783152
170 360 1073783168
170 367 1073783184
170 371 1073783200
170 419 1073783216
170 424 1073783232
170 427 1073783248
170 434 1073783264
170 437 1073783280
170 438 1073783296
170 442 1073783312
170 455 1073783328
170 460 1073783344
170 470 1073783360
170 471 1073783376
170 485 1073783392
170 490 1073783408
170 491 1073783424
170 494 1073783440
170 495 1073783456
170 497 1073783472
170 513 1073783488
170 533 1073783504
170 537 1073783520
170 543 1073783536
170 548 1073783552
170 607 1073783568
170 753 1073783584
170 816 1073783600
170 860 1073783616
170 900 1073783632
170 914 1073783648
170 987 1073783664
171 5 1073783680
171 23 1073783696
171 26 1073783712
171 38 1073783728
171 40 1073783744
171 41 1073783760
171 64 1073783776
171 113 1073783792
171 114 1073783808
171 116 1073783824
171 160 1073783840
171 165 1073783856
171 171 1073783872
171 172 1073783888
171 245 1073783904
171 261 1073783920
171 299 1073783936
171 301 1073783952
171 318 1073783968
171 333 1073783984
171 361 1073784000
171 417 1073784016
171 455 1073784032
171 470 1073784048
171 547 1073784064
171 590 1073784080
171 655 1073784096
171 847 1073784112
172 14 1073784128
172 23 1073784144
172 27 1073784160
172 28 1073784176
172 47 1073784192
172 51 1073784208
172 60 1073784224
172 61 1073784240
172 62 1073784256
172 64 1073784272
172 65 1073784288
172 86 1073784304
172 87 1073784320
172 93 1073784336
172 107 1073784352
172 114 1073784368
172 115 1073784384
172 123 1073784400
172 128 1073784416
172 129 1073784432
172 130 1073784448
172 133 1073784464
172 142 1073784480
172 143 1073784496
172 166 1073784512
172 167 1073784528
172 168 1073784544
172 169 1073784560
172 172 1073784576
172 181 1073784592
172 183 1073784608
172 197 1073784624
172 207 1073784640
172 212 1073784656
172 214 1073784672
172 219 1073784688
172 228 1073784704
172 231 1073784720
172 251 1073784736
172 256 1073784752
172 275 1073784768
172 280 1073784784
172 292 1073784800
172 295 1073784816
172 333 1073784832
172 342 1073784848
172 346 1073784864
172 351 1073784880
172 365 1073784896
172 377 1073784912
172 401 1073784928
172 403 1073784944
172 413 1073784960
172 424 1073784976
172 426 1073784992
172 434 1073785008
172 440 1073785024
172 450 1073785040
172 457 1073785056
172 458 1073785072
172 464 1073785088
172 468 1073785104
172 483 1073785120
172 486 1073785136
172 493 1073785152
172 523 1073785168
172 526 1073785184
172 542 1073785200
172 585 1073785216
172 655 1073785232
172 714 1073785248
172 734 1073785264
172 820 1073785280
172 847 1073785296
173 10 1073785312
173 20 1073785328
173 21 1073785344
173 22 1073785360
173 41 1073785376
173 62 1073785392
173 68 1073785408
173 69 1073785424
173 74 1073785440
173 83 1073785456
173 86 1073785472
173 87 1073785488
173 92 1073785504
173 105 1073785520
173 107 1073785536
173 115 1073785552
173 121 1073785568
173 126 1073785584
173 134 1073785600
173 147 1073785616
173 154 1073785632
173 155 1073785648
173 160 1073785664
173 166 1073785680
173 173 1073785696
173 184 1073785712
173 212 1073785728
173 223 1073785744
173 233 1073785760
173 249 1073785776
173 256 1073785792
173 259 1073785808
173 260 1073785824
173 269 1073785840
173 282 1073785856
173 300 1073785872
173 301 1073785888
173 306 1073785904
173 325 1073785920
173 326 1073785936
173 327 1073785952
173 340 1073785968
173 366 1073785984
173 400 1073786000
173 404 1073786016
173 405 1073786032
173 416 1073786048
173 434 1073786064
173 462 1073786080
173 494 1073786096
173 513 1073786112
173 518 1073786128
173 531 1073786144
173 535 1073786160
173 538 1073786176
173 546 1073786192
173 549 1073786208
173 612 1073786224
173 651 1073786240
173 723 1073786256
173 728 1073786272
173 777 1073786288
173 859 1073786304
173 892 1073786320
173 896 1073786336
173 932 1073786352
173 950 1073786368
174 2 1073786384
174 3 1073786400
174 4 1073786416
174 15 1073786432
174 16 1073786448
174 21 1073786464
174 46 1073786480
174 54 1073786496
174 58 1073786512
174 59 1073786528
174 63 1073786544
174 80 1073786560
174 107 1073786576
174 121 1073786592
174 126 1073786608
174 137 1073786624
174 140 1073786640
174 157 1073786656
174 158 1073786672
174 164 1073786688
174 174 1073786704
174 175 1073786720
174 195 1073786736
174 199 1073786752
174 208 1073786768
174 209 1073786784
174 210 1073786800
174 211 1073786816
174 212 1073786832
174 250 1073786848
174 252 1073786864
174 281 1073786880
174 283 1073786896
174 284 1073786912
174 285 1073786928
174 286 1073786944
174 303 1073786960
174 305 1073786976
174 363 1073786992
174 371 1073787008
174 377 1073787024
174 379 1073787040
174 395 1073787056
174 405 1073787072
174 408 1073787088
174 411 1073787104
174 420 1073787120
174 424 1073787136
174 473 1073787152
174 520 1073787168
174 564 1073787184
174 665 1073787200
174 685 1073787216
174 809 1073787232
174 812 1073787248
174 815 1073787264
174 854 1073787280
174 859 1073787296
174 880 1073787312
175 3 1073787328
175 15 1073787344
175 58 1073787360
175 137 1073787376
175 174 1073787392
175 252 1073787408
175 288 1073787424
175 532 1073787440
175 665 1073787456
176 93 1073787472
176 94 1073787488
176 129 1073787504
176 176 1073787520
176 177 1073787536
176 178 1073787552
176 181 1073787568
176 200 1073787584
176 204 1073787600
176 214 1073787616
176 231 1073787632
176 232 1073787648
176 238 1073787664
176 275 1073787680
176 292 1073787696
176 318 1073787712
176 333 1073787728
176 344 1073787744
176 381 1073787760
176 413 1073787776
176 417 1073787792
176 423 1073787808
176 440 1073787824
176 478 1073787840
176 486 1073787856
176 501 1073787872
176 515 1073787888
176 576 1073787904
176 593 1073787920
176 611 1073787936
176 656 1073787952
177 0 1073787968
177 5 1073787984
177 17 1073788000
177 18 1073788016
177 60 1073788032
177 61 1073788048
177 64 1073788064
177 74 1073788080
177 86 1073788096
177 94 1073788112
177 113 1073788128
177 146 1073788144
177 166 1073788160
177 176 1073788176
177 177 1073788192
177 178 1073788208
177 200 1073788224
177 214 1073788240
177 215 1073788256
177 218 1073788272
177 220 1073788288
177 221 1073788304
177 223 1073788320
177 229 1073788336
177 231 1073788352
177 232 1073788368
177 297 1073788384
177 309 1073788400
177 321 1073788416
177 331 1073788432
177 344 1073788448
177 377 1073788464
177 380 1073788480
177 381 1073788496
177 409 1073788512
177 440 1073788528
177 459 1073788544
177 479 1073788560
177 515 1073788576
177 533 1073788592
177 546 1073788608
177 601 1073788624
177 629 1073788640
177 656 1073788656
178 0 1073788672
178 61 1073788688
178 157 1073788704
178 176 1073788720
178 177 1073788736
178 178 1073788752
178 180 1073788768
178 191 1073788784
178 200 1073788800
178 214 1073788816
178 231 1073788832
178 232 1073788848
178 275 1073788864
178 342 1073788880
178 344 1073788896
178 345 1073788912
178 350 1073788928
178 351 1073788944
178 380 1073788960
178 381 1073788976
178 413 1073788992
178 440 1073789008
178 483 1073789024
178 498 1073789040
178 539 1073789056
178 575 1073789072
178 629 1073789088
178 656 1073789104
178 681 1073789120
179 60 1073789136
179 61 1073789152
179 103 1073789168
179 104 1073789184
179 122 1073789200
179 128 1073789216
179 149 1073789232
179 156 1073789248
179 157 1073789264
179 160 1073789280
179 179 1073789296
179 180 1073789312
179 181 1073789328
179 191 1073789344
179 203 1073789360
179 214 1073789376
179 262 1073789392
179 278 1073789408
179 280 1073789424
179 284 1073789440
179 295 1073789456
179 296 1073789472
179 320 1073789488
179 339 1073789504
179 342 1073789520
179 345 1073789536
179 347 1073789552
179 349 1073789568
179 351 1073789584
179 365 1073789600
179 376 1073789616
179 377 1073789632
179 378 1073789648
179 381 1073789664
179 388 1073789680
179 394 1073789696
179 397 1073789712
179 820 1073789728
179 869 1073789744
180 17 1073789760
180 41 1073789776
180 62 1073789792
180 70 1073789808
180 82 1073789824
180 87 1073789840
180 105 1073789856
180 107 1073789872
180 121 1073789888
180 122 1073789904
180 128 1073789920
180 129 1073789936
180 130 1073789952
180 145 1073789968
180 148 1073789984
180 149 1073790000
180 156 1073790016
180 157 1073790032
180 160 1073790048
180 162 1073790064
180 166 1073790080
180 172 1073790096
180 178 1073790112
180 179 1073790128
180 180 1073790144
180 191 1073790160
180 212 1073790176
180 214 1073790192
180 231 1073790208
180 249 1073790224
180 256 1073790240
180 257 1073790256
180 262 1073790272
180 277 1073790288
180 278 1073790304
180 284 1073790320
180 289 1073790336
180 301 1073790352
180 342 1073790368
180 343 1073790384
180 344 1073790400
180 345 1073790416
180 346 1073790432
180 347 1073790448
180 348 1073790464
180 349 1073790480
180 350 1073790496
180 351 1073790512
180 352 1073790528
180 365 1073790544
180 366 1073790560
180 381 1073790576
180 393 1073790592
180 419 1073790608
180 420 1073790624
180 421 1073790640
180 433 1073790656
180 434 1073790672
180 468 1073790688
180 493 1073790704
180 601 1073790720
180 615 1073790736
180 621 1073790752
180 644 1073790768
180 681 1073790784
180 820 1073790800
180 851 1073790816
180 907 1073790832
180 932 1073790848
180 950 1073790864
181 6 1073790880
181 14 1073790896
181 60 1073790912
181 61 1073790928
181 64 1073790944
181 95 1073790960
181 103 1073790976
181 104 1073790992
181 133 1073791008
181 150 1073791024
181 156 1073791040
181 157 1073791056
181 160 1073791072
181 167 1073791088
181 172 1073791104
181 176 1073791120
181 179 1073791136
181 181 1073791152
181 182 1073791168
181 219 1073791184
181 231 1073791200
181 250 1073791216
181 283 1073791232
181 291 1073791248
181 295 1073791264
181 296 1073791280
181 320 1073791296
181 321 1073791312
181 342 1073791328
181 346 1073791344
181 347 1073791360
181 368 1073791376
181 376 1073791392
181 377 1073791408
181 378 1073791424
181 379 1073791440
181 380 1073791456
181 381 1073791472
181 383 1073791488
181 384 1073791504
181 385 1073791520
181 386 1073791536
181 388 1073791552
181 389 1073791568
181 390 1073791584
181 393 1073791600
181 394 1073791616
181 395 1073791632
181 397 1073791648
181 526 1073791664
181 628 1073791680
181 869 1073791696
181 947 1073791712
181 950 1073791728
182 18 1073791744
182 53 1073791760
182 60 1073791776
182 61 1073791792
182 103 1073791808
182 104 1073791824
182 150 1073791840
182 157 1073791856
182 167 1073791872
182 181 1073791888
182 182 1073791904
182 213 1073791920
182 250 1073791936
182 283 1073791952
182 295 1073791968
182 296 1073791984
182 308 1073792000
182 320 1073792016
182 321 1073792032
182 351 1073792048
182 368 1073792064
182 376 1073792080
182 377 1073792096
182 378 1073792112
182 379 1073792128
182 380 1073792144
182 381 1073792160
182 384 1073792176
182 385 1073792192
182 387 1073792208
182 388 1073792224
182 389 1073792240
182 390 1073792256
182 391 1073792272
182 392 1073792288
182 393 1073792304
182 394 1073792320
182 395 1073792336
182 396 1073792352
182 397 1073792368
182 602 1073792384
182 719 1073792400
182 869 1073792416
182 872 1073792432
183 3 1073792448
183 4 1073792464
183 5 1073792480
183 11 1073792496
183 12 1073792512
183 16 1073792528
183 19 1073792544
183 20 1073792560
183 21 1073792576
183 28 1073792592
183 29 1073792608
183 35 1073792624
183 36 1073792640
183 44 1073792656
183 53 1073792672
183 58 1073792688
183 62 1073792704
183 63 1073792720
183 64 1073792736
183 68 1073792752
183 69 1073792768
183 80 1073792784
183 81 1073792800
183 82 1073792816
183 87 1073792832
183 88 1073792848
183 89 1073792864
183 90 1073792880
183 91 1073792896
183 93 1073792912
183 95 1073792928
183 106 1073792944
183 107 1073792960
183 108 1073792976
183 113 1073792992
183 114 1073793008
183 116 1073793024
183 121 1073793040
183 128 1073793056
183 129 1073793072
183 133 1073793088
183 137 1073793104
183 142 1073793120
183 145 1073793136
183 152 1073793152
183 154 1073793168
183 155 1073793184
183 159 1073793200
183 160 1073793216
183 165 1073793232
183 168 1073793248
183 169 1073793264
183 170 1073793280
183 172 1073793296
183 183 1073793312
183 184 1073793328
183 187 1073793344
183 188 1073793360
183 198 1073793376
183 201 1073793392
183 203 1073793408
183 207 1073793424
183 209 1073793440
183 210 1073793456
183 211 1073793472
183 212 1073793488
183 215 1073793504
183 218 1073793520
183 223 1073793536
183 229 1073793552
183 236 1073793568
183 245 1073793584
183 249 1073793600
183 252 1073793616
183 256 1073793632
183 257 1073793648
183 258 1073793664
183 270 1073793680
183 271 1073793696
183 272 1073793712
183 278 1073793728
183 280 1073793744
183 281 1073793760
183 282 1073793776
183 285 1073793792
183 286 1073793808
183 290 1073793824
183 291 1073793840
183 292 1073793856
183 301 1073793872
183 302 1073793888
183 303 1073793904
183 308 1073793920
183 309 1073793936
183 318 1073793952
183 326 1073793968
183 329 1073793984
183 338 1073794000
183 343 1073794016
183 351 1073794032
183 353 1073794048
183 355 1073794064
183 356 1073794080
183 357 1073794096
183 362 1073794112
183 365 1073794128
183 366 1073794144
183 367 1073794160
183 371 1073794176
183 375 1073794192
183 399 1073794208
183 400 1073794224
183 401 1073794240
183 405 1073794256
183 410 1073794272
183 411 1073794288
183 413 1073794304
183 418 1073794320
183 419 1073794336
183 424 1073794352
183 426 1073794368
183 430 1073794384
183 434 1073794400
183 450 1073794416
183 458 1073794432
183 460 1073794448
183 464 1073794464
183 473 1073794480
183 478 1073794496
183 480 1073794512
183 486 1073794528
183 493 1073794544
183 504 1073794560
183 509 1073794576
183 513 1073794592
183 518 1073794608
183 520 1073794624
183 526 1073794640
183 543 1073794656
183 544 1073794672
183 545 1073794688
183 562 1073794704
183 568 1073794720
183 602 1073794736
183 611 1073794752
183 655 1073794768
183 695 1073794784
183 705 1073794800
183 714 1073794816
183 756 1073794832
183 820 1073794848
183 822 1073794864
183 845 1073794880
183 854 1073794896
183 859 1073794912
183 900 1073794928
183 909 1073794944
183 913 1073794960
183 956 1073794976
184 5 1073794992
184 6 1073795008
184 13 1073795024
184 19 1073795040
184 42 1073795056
184 62 1073795072
184 64 1073795088
184 68 1073795104
184 69 1073795120
184 80 1073795136
184 81 1073795152
184 82 1073795168
184 86 1073795184
184 105 1073795200
184 107 1073795216
184 115 1073795232
184 121 1073795248
184 127 1073795264
184 160 1073795280
184 162 1073795296
184 166 1073795312
184 173 1073795328
184 183 1073795344
184 184 1073795360
184 187 1073795376
184 189 1073795392
184 190 1073795408
184 249 1073795424
184 256 1073795440
184 287 1073795456
184 298 1073795472
184 299 1073795488
184 301 1073795504
184 311 1073795520
184 314 1073795536
184 329 1073795552
184 357 1073795568
184 365 1073795584
184 405 1073795600
184 409 1073795616
184 418 1073795632
184 420 1073795648
184 422 1073795664
184 434 1073795680
184 473 1073795696
184 486 1073795712
184 508 1073795728
184 509 1073795744
184 536 1073795760
184 540 1073795776
184 546 1073795792
184 549 1073795808
184 582 1073795824
184 627 1073795840
184 667 1073795856
184 678 1073795872
184 710 1073795888
184 747 1073795904
184 877 1073795920
184 968 1073795936
184 969 1073795952
185 52 1073795968
185 97 1073795984
185 98 1073796000
185 99 1073796016
185 100 1073796032
185 101 1073796048
185 124 1073796064
185 125 1073796080
185 323 1073796096
185 353 1073796112
185 354 1073796128
185 371 1073796144
185 404 1073796160
185 533 1073796176
185 618 1073796192
185 640 1073796208
185 662 1073796224
185 687 1073796240
185 708 1073796256
185 709 1073796272
185 768 1073796288
185 800 1073796304
