124 4 1577058304
125 1 1577058320
126 9 1577058336
127 6 1577058352
128 1 1577058368
129 1 1577058384
130 9 1577058400
131 6 1577058416
132 1 1577058432
133 2 1577058448
134 8 1577058464
135 1 1577058480
136 7 1577058496
137 8 1577058512
138 5 1577058528
139 2 1577058544
140 4 1577058560
141 4 1577058576
142 7 1577058592
143 1 1577058608
144 8 1577058624
145 5 1577058640
146 8 1577058656
147 1 1577058672
148 8 1577058688
149 9 1577058704
150 7 1577058720
151 2 1577058736
152 5 1577058752
153 7 1577058768
154 4 1577058784
155 2 1577058800
156 3 1577058816
157 9 1577058832
158 7 1577058848
159 3 1577058864
160 6 1577058880
161 5 1577058896
162 6 1577058912
163 2 1577058928
164 8 1577058944
165 9 1577058960
166 9 1577058976
167 7 1577058992
168 8 1577059008
169 4 1577059024
170 6 1577059040
171 5 1577059056
172 3 1577059072
173 8 1577059088
174 3 1577059104
175 3 1577059120
176 3 1577059136
177 1 1577059152
178 3 1577059168
179 4 1577059184
180 8 1577059200
181 5 1577059216
182 9 1577059232
183 7 1577059248
184 7 1577059264
185 8 1577059280
