248 4 2650800128
249 9 2650800144
250 7 2650800160
251 1 2650800176
252 4 2650800192
253 3 2650800208
254 7 2650800224
255 2 2650800240
256 8 2650800256
257 6 2650800272
258 2 2650800288
259 5 2650800304
260 8 2650800320
261 3 2650800336
262 5 2650800352
263 9 2650800368
264 7 2650800384
265 6 2650800400
266 9 2650800416
267 8 2650800432
268 6 2650800448
269 3 2650800464
270 4 2650800480
271 8 2650800496
272 7 2650800512
273 4 2650800528
274 6 2650800544
275 1 2650800560
276 1 2650800576
277 5 2650800592
278 5 2650800608
279 6 2650800624
280 4 2650800640
281 6 2650800656
282 8 2650800672
283 9 2650800688
284 2 2650800704
285 5 2650800720
286 6 2650800736
287 3 2650800752
288 3 2650800768
289 5 2650800784
290 8 2650800800
291 7 2650800816
292 8 2650800832
293 7 2650800848
294 8 2650800864
295 4 2650800880
296 1 2650800896
297 5 2650800912
298 8 2650800928
299 1 2650800944
300 7 2650800960
301 7 2650800976
302 8 2650800992
303 3 2650801008
304 6 2650801024
305 5 2650801040
306 7 2650801056
307 5 2650801072
308 4 2650801088
309 9 2650801104
