397 381 5905580032
397 389 5905580048
397 390 5905580064
397 393 5905580080
397 394 5905580096
397 397 5905580112
397 458 5905580128
397 546 5905580144
397 632 5905580160
397 719 5905580176
397 841 5905580192
397 869 5905580208
399 93 5905580224
399 129 5905580240
399 168 5905580256
399 183 5905580272
399 199 5905580288
399 457 5905580304
399 493 5905580320
399 526 5905580336
400 10 5905580352
400 11 5905580368
400 20 5905580384
400 21 5905580400
400 64 5905580416
400 68 5905580432
400 69 5905580448
400 74 5905580464
400 81 5905580480
400 86 5905580496
400 92 5905580512
400 96 5905580528
400 105 5905580544
400 106 5905580560
400 107 5905580576
400 160 5905580592
400 173 5905580608
400 215 5905580624
400 222 5905580640
400 259 5905580656
400 260 5905580672
400 309 5905580688
400 325 5905580704
400 327 5905580720
400 336 5905580736
400 400 5905580752
400 411 5905580768
400 509 5905580784
400 560 5905580800
400 678 5905580816
400 728 5905580832
401 44 5905580848
401 65 5905580864
401 82 5905580880
401 129 5905580896
401 130 5905580912
401 148 5905580928
401 160 5905580944
401 172 5905580960
401 183 5905580976
401 249 5905580992
401 256 5905581008
401 257 5905581024
401 276 5905581040
401 289 5905581056
401 294 5905581072
401 362 5905581088
401 365 5905581104
401 399 5905581120
401 401 5905581136
401 425 5905581152
401 426 5905581168
401 430 5905581184
401 434 5905581200
401 457 5905581216
401 493 5905581232
401 526 5905581248
401 542 5905581264
401 543 5905581280
401 562 5905581296
401 568 5905581312
401 574 5905581328
401 621 5905581344
401 664 5905581360
401 705 5905581376
401 712 5905581392
401 714 5905581408
401 791 5905581424
401 835 5905581440
401 870 5905581456
401 873 5905581472
401 874 5905581488
402 402 5905581504
403 129 5905581520
403 168 5905581536
403 221 5905581552
403 291 5905581568
403 403 5905581584
403 473 5905581600
403 493 5905581616
403 526 5905581632
404 15 5905581648
404 16 5905581664
404 45 5905581680
404 58 5905581696
404 62 5905581712
404 82 5905581728
404 83 5905581744
404 84 5905581760
404 86 5905581776
404 87 5905581792
404 97 5905581808
404 98 5905581824
404 99 5905581840
404 100 5905581856
404 101 5905581872
404 105 5905581888
404 107 5905581904
404 115 5905581920
404 121 5905581936
404 124 5905581952
404 125 5905581968
404 142 5905581984
404 145 5905582000
404 152 5905582016
404 154 5905582032
404 160 5905582048
404 162 5905582064
404 166 5905582080
404 173 5905582096
404 185 5905582112
404 212 5905582128
404 217 5905582144
404 233 5905582160
404 249 5905582176
404 254 5905582192
404 269 5905582208
404 282 5905582224
404 301 5905582240
404 323 5905582256
404 353 5905582272
404 354 5905582288
404 357 5905582304
404 366 5905582320
404 371 5905582336
404 372 5905582352
404 373 5905582368
404 404 5905582384
404 412 5905582400
404 420 5905582416
404 421 5905582432
404 422 5905582448
404 424 5905582464
404 434 5905582480
404 474 5905582496
404 494 5905582512
404 518 5905582528
404 532 5905582544
404 533 5905582560
404 546 5905582576
404 586 5905582592
404 601 5905582608
404 612 5905582624
404 615 5905582640
404 618 5905582656
404 640 5905582672
404 643 5905582688
404 654 5905582704
404 662 5905582720
404 687 5905582736
404 708 5905582752
404 709 5905582768
404 768 5905582784
404 896 5905582800
404 932 5905582816
404 937 5905582832
404 950 5905582848
404 963 5905582864
405 3 5905582880
405 4 5905582896
405 5 5905582912
405 10 5905582928
405 15 5905582944
405 16 5905582960
405 19 5905582976
405 21 5905582992
405 28 5905583008
405 42 5905583024
405 44 5905583040
405 45 5905583056
405 46 5905583072
405 62 5905583088
405 63 5905583104
405 64 5905583120
405 78 5905583136
405 81 5905583152
405 83 5905583168
405 87 5905583184
405 89 5905583200
405 102 5905583216
405 105 5905583232
405 106 5905583248
405 107 5905583264
405 108 5905583280
405 114 5905583296
405 115 5905583312
405 116 5905583328
405 121 5905583344
405 124 5905583360
405 126 5905583376
405 128 5905583392
405 129 5905583408
405 132 5905583424
405 133 5905583440
405 142 5905583456
405 143 5905583472
405 145 5905583488
405 158 5905583504
405 160 5905583520
405 161 5905583536
405 162 5905583552
405 169 5905583568
405 173 5905583584
405 174 5905583600
405 183 5905583616
405 187 5905583632
405 194 5905583648
405 210 5905583664
405 211 5905583680
405 221 5905583696
405 226 5905583712
405 227 5905583728
405 245 5905583744
405 249 5905583760
405 255 5905583776
405 256 5905583792
405 263 5905583808
405 268 5905583824
405 274 5905583840
405 278 5905583856
405 280 5905583872
405 282 5905583888
405 283 5905583904
405 288 5905583920
405 290 5905583936
405 296 5905583952
405 300 5905583968
405 303 5905583984
405 304 5905584000
405 308 5905584016
405 314 5905584032
405 329 5905584048
405 333 5905584064
405 340 5905584080
405 355 5905584096
405 356 5905584112
405 362 5905584128
405 365 5905584144
405 367 5905584160
405 371 5905584176
405 375 5905584192
405 405 5905584208
405 419 5905584224
405 434 5905584240
405 438 5905584256
405 456 5905584272
405 480 5905584288
405 489 5905584304
405 490 5905584320
405 493 5905584336
405 495 5905584352
405 498 5905584368
405 518 5905584384
405 531 5905584400
405 541 5905584416
405 543 5905584432
405 548 5905584448
405 601 5905584464
405 642 5905584480
405 748 5905584496
405 758 5905584512
405 796 5905584528
405 828 5905584544
405 856 5905584560
405 889 5905584576
405 891 5905584592
405 892 5905584608
405 896 5905584624
406 11 5905584640
406 43 5905584656
406 44 5905584672
406 332 5905584688
406 358 5905584704
406 406 5905584720
406 407 5905584736
406 499 5905584752
406 500 5905584768
406 501 5905584784
406 502 5905584800
406 503 5905584816
406 504 5905584832
406 505 5905584848
406 506 5905584864
406 525 5905584880
406 672 5905584896
406 699 5905584912
407 7 5905584928
407 44 5905584944
407 141 5905584960
407 358 5905584976
407 406 5905584992
407 494 5905585008
407 502 5905585024
407 503 5905585040
407 504 5905585056
407 505 5905585072
407 506 5905585088
407 525 5905585104
407 526 5905585120
407 566 5905585136
408 2 5905585152
408 3 5905585168
408 4 5905585184
408 5 5905585200
408 6 5905585216
408 57 5905585232
408 58 5905585248
408 59 5905585264
408 63 5905585280
408 89 5905585296
408 96 5905585312
408 126 5905585328
408 130 5905585344
408 137 5905585360
408 138 5905585376
408 192 5905585392
408 193 5905585408
408 194 5905585424
408 208 5905585440
408 211 5905585456
408 212 5905585472
408 215 5905585488
408 252 5905585504
408 271 5905585520
408 281 5905585536
408 285 5905585552
408 286 5905585568
408 305 5905585584
408 408 5905585600
408 411 5905585616
408 412 5905585632
408 420 5905585648
408 434 5905585664
408 462 5905585680
408 473 5905585696
408 489 5905585712
408 516 5905585728
408 517 5905585744
408 520 5905585760
408 533 5905585776
408 552 5905585792
408 571 5905585808
408 586 5905585824
408 587 5905585840
408 625 5905585856
408 685 5905585872
408 826 5905585888
408 832 5905585904
408 859 5905585920
408 880 5905585936
408 990 5905585952
408 993 5905585968
409 2 5905585984
409 10 5905586000
409 13 5905586016
409 21 5905586032
409 23 5905586048
409 25 5905586064
409 27 5905586080
409 28 5905586096
409 29 5905586112
409 30 5905586128
409 33 5905586144
409 35 5905586160
409 36 5905586176
409 38 5905586192
409 39 5905586208
409 40 5905586224
409 47 5905586240
409 51 5905586256
409 65 5905586272
409 69 5905586288
409 81 5905586304
409 90 5905586320
409 93 5905586336
409 108 5905586352
409 117 5905586368
409 118 5905586384
409 128 5905586400
409 135 5905586416
409 138 5905586432
409 140 5905586448
409 151 5905586464
409 165 5905586480
409 169 5905586496
409 171 5905586512
409 177 5905586528
409 184 5905586544
409 190 5905586560
409 197 5905586576
409 207 5905586592
409 225 5905586608
409 244 5905586624
409 272 5905586640
409 278 5905586656
409 280 5905586672
409 292 5905586688
409 305 5905586704
409 306 5905586720
409 316 5905586736
409 318 5905586752
409 325 5905586768
409 326 5905586784
409 336 5905586800
409 338 5905586816
409 346 5905586832
409 357 5905586848
409 371 5905586864
409 390 5905586880
409 409 5905586896
409 417 5905586912
409 418 5905586928
409 420 5905586944
409 421 5905586960
409 428 5905586976
409 443 5905586992
409 447 5905587008
409 448 5905587024
409 450 5905587040
409 457 5905587056
409 464 5905587072
409 474 5905587088
409 497 5905587104
409 504 5905587120
409 506 5905587136
409 515 5905587152
409 555 5905587168
409 581 5905587184
409 590 5905587200
409 624 5905587216
409 667 5905587232
409 710 5905587248
409 776 5905587264
409 785 5905587280
409 800 5905587296
409 945 5905587312
410 62 5905587328
410 82 5905587344
410 183 5905587360
410 258 5905587376
410 286 5905587392
410 329 5905587408
410 356 5905587424
410 490 5905587440
411 2 5905587456
411 3 5905587472
411 4 5905587488
411 5 5905587504
411 6 5905587520
411 24 5905587536
411 54 5905587552
411 55 5905587568
411 57 5905587584
411 58 5905587600
411 63 5905587616
411 64 5905587632
411 88 5905587648
411 89 5905587664
411 96 5905587680
411 114 5905587696
411 115 5905587712
411 116 5905587728
411 123 5905587744
411 126 5905587760
411 131 5905587776
411 132 5905587792
411 163 5905587808
411 166 5905587824
411 170 5905587840
411 174 5905587856
411 183 5905587872
411 192 5905587888
411 193 5905587904
411 194 5905587920
411 195 5905587936
411 208 5905587952
411 209 5905587968
411 211 5905587984
411 215 5905588000
411 243 5905588016
411 252 5905588032
411 261 5905588048
411 271 5905588064
411 281 5905588080
411 282 5905588096
411 283 5905588112
411 285 5905588128
411 286 5905588144
411 303 5905588160
411 304 5905588176
411 305 5905588192
411 308 5905588208
411 318 5905588224
411 323 5905588240
411 333 5905588256
411 338 5905588272
411 375 5905588288
411 400 5905588304
411 405 5905588320
411 408 5905588336
411 411 5905588352
411 412 5905588368
411 430 5905588384
411 434 5905588400
411 438 5905588416
411 455 5905588432
411 460 5905588448
411 462 5905588464
411 469 5905588480
411 481 5905588496
411 498 5905588512
411 506 5905588528
411 511 5905588544
411 516 5905588560
411 517 5905588576
411 537 5905588592
411 552 5905588608
411 597 5905588624
411 604 5905588640
411 646 5905588656
411 683 5905588672
411 698 5905588688
411 717 5905588704
411 728 5905588720
411 738 5905588736
411 784 5905588752
411 809 5905588768
411 816 5905588784
411 859 5905588800
411 864 5905588816
411 866 5905588832
411 867 5905588848
411 900 5905588864
411 949 5905588880
411 976 5905588896
411 981 5905588912
411 986 5905588928
411 987 5905588944
411 988 5905588960
412 2 5905588976
412 3 5905588992
412 4 5905589008
412 6 5905589024
412 54 5905589040
412 55 5905589056
412 56 5905589072
412 57 5905589088
412 58 5905589104
412 59 5905589120
412 63 5905589136
412 81 5905589152
412 87 5905589168
412 89 5905589184
412 102 5905589200
412 105 5905589216
412 137 5905589232
412 138 5905589248
412 162 5905589264
412 164 5905589280
412 192 5905589296
412 193 5905589312
412 194 5905589328
412 195 5905589344
412 211 5905589360
412 243 5905589376
412 252 5905589392
412 256 5905589408
412 271 5905589424
412 281 5905589440
412 285 5905589456
412 286 5905589472
412 303 5905589488
412 305 5905589504
412 404 5905589520
412 408 5905589536
412 411 5905589552
412 412 5905589568
412 434 5905589584
412 473 5905589600
412 481 5905589616
412 520 5905589632
412 552 5905589648
412 586 5905589664
412 587 5905589680
412 625 5905589696
412 665 5905589712
412 683 5905589728
412 698 5905589744
412 738 5905589760
412 803 5905589776
412 809 5905589792
412 812 5905589808
412 820 5905589824
412 826 5905589840
412 832 5905589856
412 845 5905589872
412 859 5905589888
412 865 5905589904
412 884 5905589920
412 888 5905589936
412 921 5905589952
412 971 5905589968
412 991 5905589984
413 65 5905590000
413 93 5905590016
413 129 5905590032
413 143 5905590048
413 168 5905590064
413 172 5905590080
413 176 5905590096
413 177 5905590112
413 178 5905590128
413 200 5905590144
413 214 5905590160
413 232 5905590176
413 275 5905590192
413 413 5905590208
413 426 5905590224
413 440 5905590240
413 450 5905590256
413 458 5905590272
413 493 5905590288
413 515 5905590304
413 526 5905590320
413 542 5905590336
413 562 5905590352
413 714 5905590368
413 840 5905590384
414 370 5905590400
414 414 5905590416
414 415 5905590432
414 443 5905590448
414 449 5905590464
414 479 5905590480
414 603 5905590496
414 605 5905590512
414 645 5905590528
414 697 5905590544
414 916 5905590560
415 86 5905590576
415 697 5905590592
415 852 5905590608
416 327 5905590624
417 5 5905590640
417 23 5905590656
417 27 5905590672
417 29 5905590688
417 30 5905590704
417 32 5905590720
417 40 5905590736
417 47 5905590752
417 48 5905590768
417 62 5905590784
417 76 5905590800
417 79 5905590816
417 86 5905590832
417 96 5905590848
417 107 5905590864
417 113 5905590880
417 114 5905590896
417 116 5905590912
417 136 5905590928
417 151 5905590944
417 160 5905590960
417 162 5905590976
417 165 5905590992
417 170 5905591008
417 171 5905591024
417 176 5905591040
417 183 5905591056
417 245 5905591072
417 251 5905591088
417 258 5905591104
417 263 5905591120
417 318 5905591136
417 333 5905591152
417 339 5905591168
417 361 5905591184
417 367 5905591200
417 409 5905591216
417 417 5905591232
417 423 5905591248
417 434 5905591264
417 437 5905591280
417 438 5905591296
417 442 5905591312
417 443 5905591328
417 444 5905591344
417 455 5905591360
417 485 5905591376
417 494 5905591392
417 547 5905591408
417 725 5905591424
417 795 5905591440
417 847 5905591456
417 895 5905591472
417 925 5905591488
417 976 5905591504
418 6 5905591520
418 62 5905591536
418 68 5905591552
418 69 5905591568
418 81 5905591584
418 129 5905591600
418 142 5905591616
418 183 5905591632
418 184 5905591648
418 190 5905591664
418 287 5905591680
418 299 5905591696
418 314 5905591712
418 467 5905591728
418 473 5905591744
418 509 5905591760
418 549 5905591776
418 582 5905591792
418 710 5905591808
418 747 5905591824
419 5 5905591840
419 12 5905591856
419 14 5905591872
419 18 5905591888
419 28 5905591904
419 44 5905591920
419 45 5905591936
419 62 5905591952
419 63 5905591968
419 64 5905591984
419 68 5905592000
419 74 5905592016
419 78 5905592032
419 79 5905592048
419 81 5905592064
419 84 5905592080
419 91 5905592096
419 101 5905592112
419 106 5905592128
419 113 5905592144
419 114 5905592160
419 121 5905592176
419 128 5905592192
419 129 5905592208
419 131 5905592224
419 133 5905592240
419 143 5905592256
419 154 5905592272
419 161 5905592288
419 168 5905592304
419 169 5905592320
419 170 5905592336
419 172 5905592352
419 180 5905592368
419 183 5905592384
419 184 5905592400
419 199 5905592416
419 211 5905592432
419 214 5905592448
419 221 5905592464
419 249 5905592480
419 253 5905592496
419 255 5905592512
419 256 5905592528
419 263 5905592544
419 270 5905592560
419 280 5905592576
419 290 5905592592
419 296 5905592608
419 300 5905592624
419 302 5905592640
419 329 5905592656
419 333 5905592672
419 336 5905592688
419 337 5905592704
419 340 5905592720
419 351 5905592736
419 356 5905592752
419 365 5905592768
419 371 5905592784
419 405 5905592800
419 419 5905592816
419 434 5905592832
419 445 5905592848
419 450 5905592864
419 460 5905592880
419 462 5905592896
419 468 5905592912
419 473 5905592928
419 474 5905592944
419 482 5905592960
419 489 5905592976
419 490 5905592992
419 493 5905593008
419 495 5905593024
419 497 5905593040
419 526 5905593056
419 531 5905593072
419 542 5905593088
419 554 5905593104
419 591 5905593120
419 607 5905593136
419 611 5905593152
419 642 5905593168
419 652 5905593184
419 655 5905593200
419 714 5905593216
419 777 5905593232
419 789 5905593248
419 848 5905593264
419 932 5905593280
420 5 5905593296
420 11 5905593312
420 12 5905593328
420 13 5905593344
420 18 5905593360
420 19 5905593376
420 20 5905593392
420 21 5905593408
420 28 5905593424
420 29 5905593440
420 30 5905593456
420 53 5905593472
420 60 5905593488
420 63 5905593504
420 64 5905593520
420 68 5905593536
420 69 5905593552
420 78 5905593568
420 79 5905593584
420 81 5905593600
420 82 5905593616
420 83 5905593632
420 99 5905593648
420 105 5905593664
420 106 5905593680
420 114 5905593696
420 116 5905593712
420 118 5905593728
420 121 5905593744
420 123 5905593760
420 128 5905593776
420 133 5905593792
420 137 5905593808
420 139 5905593824
420 141 5905593840
420 143 5905593856
420 152 5905593872
420 163 5905593888
420 165 5905593904
420 166 5905593920
420 172 5905593936
420 174 5905593952
420 184 5905593968
420 186 5905593984
420 188 5905594000
420 189 5905594016
420 190 5905594032
420 191 5905594048
420 209 5905594064
420 210 5905594080
420 211 5905594096
420 212 5905594112
420 218 5905594128
420 222 5905594144
420 230 5905594160
420 235 5905594176
420 244 5905594192
420 249 5905594208
420 256 5905594224
420 269 5905594240
420 278 5905594256
420 280 5905594272
420 282 5905594288
420 283 5905594304
420 285 5905594320
420 293 5905594336
420 296 5905594352
420 301 5905594368
420 304 5905594384
420 305 5905594400
420 314 5905594416
420 325 5905594432
420 326 5905594448
420 337 5905594464
420 340 5905594480
420 362 5905594496
420 363 5905594512
420 367 5905594528
420 402 5905594544
420 404 5905594560
420 408 5905594576
420 409 5905594592
420 430 5905594608
420 434 5905594624
420 450 5905594640
420 452 5905594656
420 458 5905594672
420 464 5905594688
420 474 5905594704
420 494 5905594720
420 511 5905594736
420 520 5905594752
420 526 5905594768
420 531 5905594784
420 541 5905594800
420 568 5905594816
420 581 5905594832
420 624 5905594848
420 641 5905594864
420 651 5905594880
420 654 5905594896
420 661 5905594912
420 666 5905594928
420 669 5905594944
420 820 5905594960
420 854 5905594976
421 7 5905594992
421 86 5905595008
421 213 5905595024
421 268 5905595040
421 362 5905595056
421 365 5905595072
421 421 5905595088
421 434 5905595104
421 466 5905595120
421 481 5905595136
421 487 5905595152
421 496 5905595168
421 525 5905595184
421 529 5905595200
421 765 5905595216
421 856 5905595232
422 7 5905595248
422 17 5905595264
422 19 5905595280
422 21 5905595296
422 23 5905595312
422 58 5905595328
422 82 5905595344
422 87 5905595360
422 115 5905595376
422 129 5905595392
422 131 5905595408
422 145 5905595424
422 154 5905595440
422 163 5905595456
422 180 5905595472
422 184 5905595488
422 212 5905595504
422 244 5905595520
422 248 5905595536
422 269 5905595552
422 272 5905595568
422 333 5905595584
422 393 5905595600
422 404 5905595616
422 424 5905595632
422 427 5905595648
422 473 5905595664
422 474 5905595680
422 493 5905595696
422 513 5905595712
422 518 5905595728
422 533 5905595744
422 546 5905595760
422 601 5905595776
422 615 5905595792
422 819 5905595808
422 820 5905595824
422 950 5905595840
423 5 5905595856
423 13 5905595872
423 47 5905595888
423 48 5905595904
423 62 5905595920
423 76 5905595936
423 89 5905595952
423 96 5905595968
423 113 5905595984
423 114 5905596000
423 121 5905596016
423 171 5905596032
423 176 5905596048
423 245 5905596064
423 263 5905596080
423 301 5905596096
423 303 5905596112
423 318 5905596128
423 333 5905596144
423 361 5905596160
423 370 5905596176
423 417 5905596192
423 423 5905596208
423 438 5905596224
423 442 5905596240
423 443 5905596256
423 444 5905596272
423 455 5905596288
423 482 5905596304
423 485 5905596320
423 527 5905596336
423 547 5905596352
423 847 5905596368
423 925 5905596384
423 976 5905596400
423 981 5905596416
424 4 5905596432
424 15 5905596448
424 16 5905596464
424 28 5905596480
424 30 5905596496
424 31 5905596512
424 44 5905596528
424 45 5905596544
424 46 5905596560
424 58 5905596576
424 62 5905596592
424 68 5905596608
424 69 5905596624
424 74 5905596640
424 78 5905596656
424 80 5905596672
424 81 5905596688
424 82 5905596704
424 83 5905596720
424 87 5905596736
424 93 5905596752
424 99 5905596768
424 100 5905596784
424 105 5905596800
424 106 5905596816
424 109 5905596832
424 113 5905596848
424 114 5905596864
424 115 5905596880
424 121 5905596896
424 124 5905596912
424 125 5905596928
424 128 5905596944
424 132 5905596960
424 139 5905596976
424 142 5905596992
424 147 5905597008
424 151 5905597024
424 160 5905597040
424 164 5905597056
424 170 5905597072
424 174 5905597088
424 183 5905597104
424 188 5905597120
424 196 5905597136
424 209 5905597152
424 210 5905597168
424 211 5905597184
424 212 5905597200
424 222 5905597216
424 233 5905597232
424 237 5905597248
424 240 5905597264
424 245 5905597280
424 249 5905597296
424 256 5905597312
424 258 5905597328
424 263 5905597344
424 269 5905597360
424 274 5905597376
424 280 5905597392
424 282 5905597408
424 283 5905597424
424 290 5905597440
424 295 5905597456
424 303 5905597472
424 304 5905597488
424 308 5905597504
424 311 5905597520
424 316 5905597536
424 326 5905597552
424 329 5905597568
424 337 5905597584
424 338 5905597600
424 340 5905597616
424 355 5905597632
424 356 5905597648
424 357 5905597664
424 367 5905597680
424 375 5905597696
424 393 5905597712
424 395 5905597728
424 401 5905597744
424 404 5905597760
424 405 5905597776
424 422 5905597792
424 424 5905597808
424 429 5905597824
424 434 5905597840
424 445 5905597856
424 448 5905597872
424 462 5905597888
424 464 5905597904
424 474 5905597920
424 483 5905597936
424 493 5905597952
424 495 5905597968
424 497 5905597984
424 509 5905598000
424 527 5905598016
424 543 5905598032
424 552 5905598048
424 589 5905598064
424 612 5905598080
424 641 5905598096
424 695 5905598112
424 738 5905598128
424 748 5905598144
424 758 5905598160
424 783 5905598176
424 820 5905598192
424 880 5905598208
424 950 5905598224
425 4 5905598240
425 65 5905598256
425 86 5905598272
425 90 5905598288
425 129 5905598304
425 130 5905598320
425 256 5905598336
425 257 5905598352
425 289 5905598368
425 294 5905598384
425 401 5905598400
425 403 5905598416
425 425 5905598432
425 426 5905598448
425 430 5905598464
425 457 5905598480
425 513 5905598496
425 526 5905598512
425 543 5905598528
425 562 5905598544
425 567 5905598560
425 568 5905598576
425 574 5905598592
425 621 5905598608
425 664 5905598624
425 705 5905598640
425 714 5905598656
425 791 5905598672
425 835 5905598688
425 870 5905598704
425 873 5905598720
425 874 5905598736
426 62 5905598752
426 65 5905598768
426 82 5905598784
426 86 5905598800
426 92 5905598816
426 93 5905598832
426 113 5905598848
426 114 5905598864
426 121 5905598880
426 129 5905598896
426 130 5905598912
426 133 5905598928
426 160 5905598944
426 166 5905598960
426 168 5905598976
426 172 5905598992
426 183 5905599008
426 206 5905599024
426 231 5905599040
426 232 5905599056
426 245 5905599072
426 257 5905599088
426 263 5905599104
426 270 5905599120
426 280 5905599136
426 283 5905599152
426 285 5905599168
426 290 5905599184
426 292 5905599200
426 306 5905599216
426 318 5905599232
426 391 5905599248
426 401 5905599264
426 403 5905599280
426 423 5905599296
426 425 5905599312
426 426 5905599328
426 440 5905599344
426 450 5905599360
426 457 5905599376
426 458 5905599392
426 486 5905599408
426 493 5905599424
426 518 5905599440
426 526 5905599456
426 562 5905599472
426 568 5905599488
426 572 5905599504
426 621 5905599520
426 714 5905599536
426 840 5905599552
426 956 5905599568
427 23 5905599584
427 31 5905599600
427 40 5905599616
427 47 5905599632
427 48 5905599648
427 62 5905599664
427 82 5905599680
427 86 5905599696
427 87 5905599712
427 96 5905599728
427 105 5905599744
427 107 5905599760
427 115 5905599776
427 119 5905599792
427 121 5905599808
427 142 5905599824
427 145 5905599840
427 151 5905599856
427 160 5905599872
427 162 5905599888
427 165 5905599904
427 166 5905599920
427 169 5905599936
427 170 5905599952
427 212 5905599968
427 249 5905599984
427 252 5905600000
427 261 5905600016
427 282 5905600032
427 333 5905600048
427 339 5905600064
427 367 5905600080
427 427 5905600096
427 431 5905600112
427 434 5905600128
427 438 5905600144
427 443 5905600160
427 460 5905600176
427 470 5905600192
427 546 5905600208
427 612 5905600224
427 615 5905600240
427 651 5905600256
427 655 5905600272
427 932 5905600288
427 950 5905600304
427 980 5905600320
428 15 5905600336
428 45 5905600352
428 46 5905600368
428 139 5905600384
428 140 5905600400
428 164 5905600416
428 216 5905600432
428 269 5905600448
428 272 5905600464
428 273 5905600480
428 274 5905600496
428 301 5905600512
428 322 5905600528
428 335 5905600544
428 428 5905600560
428 429 5905600576
428 446 5905600592
428 447 5905600608
428 461 5905600624
428 579 5905600640
428 592 5905600656
428 651 5905600672
428 676 5905600688
429 6 5905600704
429 15 5905600720
429 45 5905600736
429 46 5905600752
429 100 5905600768
429 107 5905600784
429 124 5905600800
429 139 5905600816
429 140 5905600832
429 160 5905600848
429 164 5905600864
429 166 5905600880
429 216 5905600896
429 269 5905600912
429 273 5905600928
429 274 5905600944
429 301 5905600960
429 322 5905600976
429 334 5905600992
429 335 5905601008
429 428 5905601024
429 429 5905601040
429 446 5905601056
429 447 5905601072
429 448 5905601088
429 461 5905601104
429 579 5905601120
429 592 5905601136
429 929 5905601152
429 933 5905601168
430 5 5905601184
430 7 5905601200
430 8 5905601216
430 11 5905601232
430 12 5905601248
430 14 5905601264
430 19 5905601280
430 44 5905601296
430 62 5905601312
430 64 5905601328
430 65 5905601344
430 83 5905601360
430 86 5905601376
430 128 5905601392
430 129 5905601408
430 141 5905601424
430 160 5905601440
430 166 5905601456
430 183 5905601472
430 211 5905601488
430 246 5905601504
430 249 5905601520
430 280 5905601536
430 308 5905601552
430 360 5905601568
430 362 5905601584
430 365 5905601600
430 411 5905601616
430 420 5905601632
430 421 5905601648
430 430 5905601664
430 441 5905601680
430 462 5905601696
430 498 5905601712
430 501 5905601728
430 504 5905601744
430 506 5905601760
430 533 5905601776
430 543 5905601792
430 565 5905601808
430 672 5905601824
430 765 5905601840
430 856 5905601856
430 956 5905601872
431 4 5905601888
431 50 5905601904
431 71 5905601920
431 80 5905601936
431 84 5905601952
431 152 5905601968
431 160 5905601984
431 166 5905602000
431 217 5905602016
431 372 5905602032
431 431 5905602048
432 217 5905602064
433 49 5905602080
433 50 5905602096
433 70 5905602112
433 71 5905602128
433 84 5905602144
433 144 5905602160
433 152 5905602176
433 162 5905602192
433 180 5905602208
433 186 5905602224
433 217 5905602240
433 288 5905602256
433 364 5905602272
433 372 5905602288
433 405 5905602304
433 431 5905602320
433 432 5905602336
433 433 5905602352
433 434 5905602368
434 2 5905602384
434 3 5905602400
434 11 5905602416
434 16 5905602432
434 19 5905602448
434 21 5905602464
434 23 5905602480
434 28 5905602496
434 30 5905602512
434 35 5905602528
434 41 5905602544
434 42 5905602560
434 44 5905602576
434 46 5905602592
434 53 5905602608
434 58 5905602624
434 61 5905602640
434 62 5905602656
434 63 5905602672
434 64 5905602688
434 65 5905602704
434 81 5905602720
434 83 5905602736
434 87 5905602752
434 89 5905602768
434 92 5905602784
434 97 5905602800
434 99 5905602816
434 100 5905602832
434 105 5905602848
434 106 5905602864
434 114 5905602880
434 115 5905602896
434 116 5905602912
434 121 5905602928
434 128 5905602944
434 129 5905602960
434 132 5905602976
434 137 5905602992
434 144 5905603008
434 145 5905603024
434 147 5905603040
434 148 5905603056
434 152 5905603072
434 154 5905603088
434 158 5905603104
434 159 5905603120
434 161 5905603136
434 163 5905603152
434 165 5905603168
434 166 5905603184
434 167 5905603200
434 168 5905603216
434 169 5905603232
434 170 5905603248
434 172 5905603264
434 173 5905603280
434 183 5905603296
434 184 5905603312
434 187 5905603328
434 189 5905603344
434 190 5905603360
434 191 5905603376
434 198 5905603392
434 199 5905603408
434 200 5905603424
434 203 5905603440
434 208 5905603456
434 210 5905603472
434 211 5905603488
434 212 5905603504
434 214 5905603520
434 215 5905603536
434 221 5905603552
434 226 5905603568
434 229 5905603584
434 231 5905603600
434 233 5905603616
434 243 5905603632
434 245 5905603648
434 249 5905603664
434 252 5905603680
434 255 5905603696
434 256 5905603712
434 258 5905603728
434 269 5905603744
434 275 5905603760
434 280 5905603776
434 282 5905603792
434 283 5905603808
434 288 5905603824
434 290 5905603840
434 295 5905603856
434 296 5905603872
434 303 5905603888
434 308 5905603904
434 314 5905603920
434 320 5905603936
434 329 5905603952
434 333 5905603968
434 338 5905603984
434 340 5905604000
434 353 5905604016
434 356 5905604032
434 361 5905604048
434 362 5905604064
434 363 5905604080
434 365 5905604096
434 367 5905604112
434 368 5905604128
434 371 5905604144
434 401 5905604160
434 404 5905604176
434 405 5905604192
434 411 5905604208
434 412 5905604224
434 419 5905604240
434 420 5905604256
434 421 5905604272
434 424 5905604288
434 427 5905604304
434 431 5905604320
434 434 5905604336
434 440 5905604352
434 441 5905604368
434 450 5905604384
434 458 5905604400
434 459 5905604416
434 460 5905604432
434 467 5905604448
434 471 5905604464
434 473 5905604480
434 474 5905604496
434 478 5905604512
434 490 5905604528
434 493 5905604544
434 495 5905604560
434 506 5905604576
434 509 5905604592
434 515 5905604608
434 518 5905604624
434 531 5905604640
434 533 5905604656
434 544 5905604672
434 548 5905604688
434 550 5905604704
434 551 5905604720
434 593 5905604736
434 607 5905604752
434 612 5905604768
434 647 5905604784
434 677 5905604800
434 768 5905604816
434 820 5905604832
434 828 5905604848
434 856 5905604864
434 859 5905604880
435 127 5905604896
435 147 5905604912
435 160 5905604928
435 163 5905604944
435 316 5905604960
435 435 5905604976
435 440 5905604992
435 519 5905605008
435 533 5905605024
435 616 5905605040
435 647 5905605056
435 793 5905605072
435 920 5905605088
435 942 5905605104
437 5 5905605120
437 25 5905605136
437 26 5905605152
437 27 5905605168
437 30 5905605184
437 38 5905605200
437 47 5905605216
437 75 5905605232
437 89 5905605248
437 115 5905605264
437 116 5905605280
437 135 5905605296
437 136 5905605312
437 165 5905605328
437 169 5905605344
437 261 5905605360
437 336 5905605376
437 337 5905605392
437 338 5905605408
437 339 5905605424
437 361 5905605440
437 436 5905605456
437 437 5905605472
437 443 5905605488
437 455 5905605504
437 482 5905605520
437 531 5905605536
437 547 5905605552
437 816 5905605568
437 847 5905605584
