0 0 0
0 1 16
0 5 32
0 6 48
0 17 64
0 18 80
0 64 96
0 73 112
0 74 128
0 88 144
0 101 160
0 103 176
0 146 192
0 148 208
0 166 224
0 177 240
0 178 256
0 215 272
0 218 288
0 221 304
0 222 320
0 223 336
0 226 352
0 238 368
0 248 384
0 250 400
0 266 416
0 268 432
0 283 448
0 297 464
0 309 480
0 313 496
0 316 512
0 368 528
0 377 544
0 380 560
0 459 576
0 498 592
0 560 608
0 581 624
0 734 640
1 1 656
2 2 672
2 3 688
2 4 704
2 5 720
2 6 736
2 13 752
2 54 768
2 55 784
2 56 800
2 57 816
2 58 832
2 59 848
2 63 864
2 64 880
2 86 896
2 89 912
2 96 928
2 102 944
2 107 960
2 131 976
2 132 992
2 137 1008
2 138 1024
2 140 1040
2 158 1056
2 160 1072
2 162 1088
2 174 1104
2 192 1120
2 193 1136
2 194 1152
2 195 1168
2 208 1184
2 211 1200
2 238 1216
2 249 1232
2 252 1248
2 271 1264
2 273 1280
2 281 1296
2 283 1312
2 285 1328
2 286 1344
2 300 1360
2 305 1376
2 308 1392
2 323 1408
2 333 1424
2 405 1440
2 408 1456
2 409 1472
2 411 1488
2 412 1504
2 434 1520
2 481 1536
2 489 1552
2 506 1568
2 516 1584
2 517 1600
2 520 1616
2 546 1632
2 571 1648
2 586 1664
2 587 1680
2 612 1696
2 665 1712
2 685 1728
2 698 1744
2 738 1760
2 803 1776
2 809 1792
2 812 1808
2 826 1824
2 832 1840
2 845 1856
2 859 1872
2 865 1888
2 880 1904
2 886 1920
2 896 1936
2 899 1952
2 971 1968
2 990 1984
2 1001 2000
3 2 2016
3 3 2032
3 4 2048
3 6 2064
3 46 2080
3 56 2096
3 57 2112
3 58 2128
3 59 2144
3 62 2160
3 63 2176
3 89 2192
3 102 2208
3 107 2224
3 128 2240
3 137 2256
3 158 2272
3 174 2288
3 175 2304
3 183 2320
3 192 2336
3 193 2352
3 194 2368
3 195 2384
3 208 2400
3 210 2416
3 211 2432
3 236 2448
3 239 2464
3 252 2480
3 256 2496
3 271 2512
3 281 2528
3 286 2544
3 303 2560
3 323 2576
3 371 2592
3 405 2608
3 408 2624
3 411 2640
3 412 2656
3 434 2672
3 473 2688
3 520 2704
3 571 2720
3 601 2736
3 665 2752
3 685 2768
3 812 2784
3 832 2800
3 845 2816
3 859 2832
3 880 2848
3 971 2864
3 990 2880
3 1001 2896
4 2 2912
4 3 2928
4 4 2944
4 6 2960
4 13 2976
4 54 2992
4 55 3008
4 56 3024
4 57 3040
4 58 3056
4 59 3072
4 62 3088
4 63 3104
4 81 3120
4 82 3136
4 89 3152
4 96 3168
4 102 3184
4 107 3200
4 114 3216
4 121 3232
4 126 3248
4 131 3264
4 137 3280
4 138 3296
4 142 3312
4 145 3328
4 158 3344
4 160 3360
4 162 3376
4 166 3392
4 169 3408
4 170 3424
4 174 3440
4 183 3456
4 192 3472
4 193 3488
4 194 3504
4 195 3520
4 208 3536
4 211 3552
4 239 3568
4 252 3584
4 256 3600
4 271 3616
4 281 3632
4 282 3648
4 283 3664
4 285 3680
4 286 3696
4 301 3712
4 305 3728
4 323 3744
4 360 3760
4 405 3776
4 408 3792
4 411 3808
4 412 3824
4 424 3840
4 425 3856
4 430 3872
4 434 3888
4 481 3904
4 520 3920
4 532 3936
4 533 3952
4 552 3968
4 571 3984
4 586 4000
4 587 4016
4 612 4032
4 625 4048
4 665 4064
4 685 4080
4 698 4096
4 712 4112
4 738 4128
4 803 4144
4 809 4160
4 812 4176
4 826 4192
4 832 4208
4 845 4224
4 859 4240
4 880 4256
4 896 4272
4 971 4288
4 990 4304
4 1001 4320
5 0 4336
5 2 4352
5 5 4368
5 6 4384
5 7 4400
5 11 4416
5 21 4432
5 24 4448
5 29 4464
5 34 4480
5 35 4496
5 41 4512
5 42 4528
5 47 4544
5 53 4560
5 55 4576
5 57 4592
5 58 4608
5 59 4624
5 63 4640
5 64 4656
5 74 4672
5 76 4688
5 82 4704
5 89 4720
5 96 4736
5 97 4752
5 99 4768
5 100 4784
5 105 4800
5 106 4816
5 115 4832
5 117 4848
5 120 4864
5 125 4880
5 128 4896
5 132 4912
5 133 4928
5 134 4944
5 135 4960
5 140 4976
5 141 4992
5 154 5008
5 157 5024
5 169 5040
5 170 5056
5 171 5072
5 183 5088
5 184 5104
5 189 5120
5 191 5136
5 192 5152
5 194 5168
5 195 5184
5 198 5200
5 201 5216
5 207 5232
5 209 5248
5 211 5264
5 215 5280
5 218 5296
5 230 5312
5 232 5328
5 235 5344
5 236 5360
5 237 5376
5 242 5392
5 243 5408
5 249 5424
5 252 5440
5 255 5456
5 261 5472
5 269 5488
5 271 5504
5 272 5520
5 279 5536
5 281 5552
5 283 5568
5 284 5584
5 285 5600
5 286 5616
5 291 5632
5 302 5648
5 303 5664
5 305 5680
5 306 5696
5 308 5712
5 309 5728
5 312 5744
5 318 5760
5 323 5776
5 325 5792
5 327 5808
5 333 5824
5 337 5840
5 346 5856
5 357 5872
5 362 5888
5 375 5904
5 379 5920
5 405 5936
5 408 5952
5 411 5968
5 417 5984
5 420 6000
5 423 6016
5 430 6032
5 437 6048
5 440 6064
5 445 6080
5 450 6096
5 455 6112
5 458 6128
5 462 6144
5 464 6160
5 466 6176
5 469 6192
5 481 6208
5 489 6224
5 492 6240
5 495 6256
5 496 6272
5 511 6288
5 516 6304
5 517 6320
5 527 6336
5 528 6352
5 557 6368
5 572 6384
5 581 6400
5 611 6416
5 644 6432
5 669 6448
5 690 6464
5 716 6480
5 718 6496
5 726 6512
5 728 6528
5 730 6544
5 738 6560
5 763 6576
5 789 6592
5 807 6608
5 809 6624
5 815 6640
5 820 6656
5 828 6672
5 833 6688
5 840 6704
5 859 6720
5 868 6736
5 900 6752
5 902 6768
5 931 6784
5 980 6800
5 990 6816
6 0 6832
6 2 6848
6 3 6864
6 4 6880
6 5 6896
6 6 6912
6 21 6928
6 54 6944
6 55 6960
6 56 6976
6 57 6992
6 58 7008
6 59 7024
6 63 7040
6 64 7056
6 79 7072
6 89 7088
6 96 7104
6 102 7120
6 126 7136
6 128 7152
6 132 7168
6 134 7184
6 137 7200
6 139 7216
6 140 7232
6 141 7248
6 149 7264
6 157 7280
6 168 7296
6 169 7312
6 170 7328
6 181 7344
6 183 7360
6 184 7376
6 191 7392
6 193 7408
6 194 7424
6 195 7440
6 204 7456
6 206 7472
6 211 7488
6 232 7504
6 234 7520
6 237 7536
6 252 7552
6 272 7568
6 275 7584
6 281 7600
6 284 7616
6 285 7632
6 290 7648
6 296 7664
6 299 7680
6 305 7696
6 308 7712
6 316 7728
6 323 7744
6 327 7760
6 337 7776
6 346 7792
6 349 7808
6 362 7824
6 375 7840
6 376 7856
6 377 7872
6 379 7888
6 389 7904
6 397 7920
6 408 7936
6 411 7952
6 412 7968
6 418 7984
6 426 8000
6 429 8016
6 430 8032
6 438 8048
6 440 8064
6 458 8080
6 473 8096
6 481 8112
6 486 8128
6 489 8144
6 515 8160
6 516 8176
6 517 8192
6 520 8208
6 528 8224
6 544 8240
6 549 8256
6 552 8272
6 562 8288
6 563 8304
6 571 8320
6 587 8336
6 644 8352
6 665 8368
6 667 8384
6 685 8400
6 738 8416
6 751 8432
6 826 8448
6 845 8464
6 859 8480
6 880 8496
6 921 8512
6 949 8528
6 994 8544
6 1001 8560
7 5 8576
7 7 8592
7 8 8608
7 11 8624
7 12 8640
7 19 8656
7 44 8672
7 62 8688
7 86 8704
7 112 8720
7 141 8736
7 161 8752
7 212 8768
7 213 8784
7 222 8800
7 246 8816
7 247 8832
7 249 8848
7 264 8864
7 324 8880
7 332 8896
7 358 8912
7 359 8928
7 360 8944
7 362 8960
7 365 8976
7 374 8992
7 406 9008
7 407 9024
7 420 9040
7 421 9056
7 430 9072
7 451 9088
7 452 9104
7 466 9120
7 498 9136
7 499 9152
7 500 9168
7 502 9184
7 504 9200
7 506 9216
7 510 9232
7 511 9248
7 525 9264
7 529 9280
7 537 9296
7 546 9312
7 555 9328
7 566 9344
7 569 9360
7 570 9376
7 573 9392
7 608 9408
7 661 9424
7 666 9440
7 672 9456
7 700 9472
7 707 9488
7 720 9504
7 754 9520
7 765 9536
7 823 9552
7 833 9568
7 856 9584
7 913 9600
7 922 9616
7 956 9632
8 7 9648
8 8 9664
8 9 9680
8 11 9696
8 12 9712
8 44 9728
8 86 9744
8 141 9760
8 160 9776
8 213 9792
8 301 9808
8 358 9824
8 441 9840
8 466 9856
8 498 9872
8 499 9888
8 504 9904
8 510 9920
8 525 9936
8 566 9952
8 569 9968
8 570 9984
8 573 10000
8 661 10016
8 672 10032
8 823 10048
8 856 10064
8 950 10080
9 8 10096
9 9 10112
9 19 10128
9 44 10144
9 213 10160
9 264 10176
9 265 10192
9 266 10208
9 332 10224
9 358 10240
9 359 10256
9 406 10272
9 421 10288
9 452 10304
9 498 10320
9 499 10336
9 500 10352
9 502 10368
9 506 10384
9 529 10400
9 558 10416
9 565 10432
9 569 10448
9 573 10464
9 661 10480
9 674 10496
9 699 10512
9 707 10528
9 720 10544
9 754 10560
9 765 10576
9 823 10592
9 957 10608
10 11 10624
10 13 10640
10 20 10656
10 21 10672
10 25 10688
10 36 10704
10 64 10720
10 69 10736
10 82 10752
10 86 10768
10 96 10784
10 105 10800
10 121 10816
10 134 10832
10 143 10848
10 173 10864
10 256 10880
10 260 10896
10 282 10912
10 306 10928
10 324 10944
10 325 10960
10 326 10976
10 327 10992
10 329 11008
10 339 11024
10 340 11040
10 366 11056
10 405 11072
10 434 11088
10 508 11104
10 535 11120
10 728 11136
10 777 11152
11 7 11168
11 8 11184
11 10 11200
11 11 11216
11 12 11232
11 20 11248
11 21 11264
11 22 11280
11 44 11296
11 64 11312
11 90 11328
11 91 11344
11 92 11360
11 106 11376
11 128 11392
11 129 11408
11 133 11424
11 141 11440
11 159 11456
11 161 11472
11 183 11488
11 209 11504
11 211 11520
11 213 11536
11 233 11552
11 240 11568
11 247 11584
11 265 11600
11 266 11616
11 270 11632
11 293 11648
11 300 11664
11 324 11680
11 327 11696
11 358 11712
11 359 11728
11 360 11744
11 362 11760
11 365 11776
11 400 11792
11 406 11808
11 420 11824
11 421 11840
11 430 11856
11 434 11872
11 441 11888
11 452 11904
11 466 11920
11 496 11936
11 498 11952
11 502 11968
11 504 11984
11 506 12000
11 518 12016
11 525 12032
11 529 12048
11 530 12064
11 555 12080
11 566 12096
11 573 12112
11 602 12128
11 608 12144
11 611 12160
11 621 12176
11 661 12192
11 666 12208
11 699 12224
11 700 12240
11 720 12256
11 754 12272
11 804 12288
11 956 12304
12 7 12320
12 8 12336
12 11 12352
12 12 12368
12 13 12384
12 14 12400
12 19 12416
12 44 12432
12 62 12448
12 82 12464
12 86 12480
12 121 12496
12 141 12512
12 160 12528
12 161 12544
12 183 12560
12 213 12576
12 247 12592
12 264 12608
12 265 12624
12 266 12640
12 267 12656
12 293 12672
12 358 12688
12 362 12704
12 365 12720
12 420 12736
12 430 12752
12 441 12768
12 452 12784
12 466 12800
12 498 12816
12 510 12832
12 560 12848
12 565 12864
12 569 12880
12 570 12896
12 573 12912
12 638 12928
12 661 12944
12 666 12960
12 674 12976
12 681 12992
12 700 13008
12 707 13024
12 739 13040
12 823 13056
12 856 13072
12 957 13088
12 996 13104
13 2 13120
13 4 13136
13 10 13152
13 13 13168
13 15 13184
13 19 13200
13 21 13216
13 23 13232
13 25 13248
13 26 13264
13 27 13280
13 29 13296
13 30 13312
13 32 13328
13 33 13344
13 35 13360
13 36 13376
13 38 13392
13 39 13408
13 40 13424
13 47 13440
13 51 13456
13 53 13472
13 56 13488
13 63 13504
13 65 13520
13 69 13536
13 78 13552
13 79 13568
13 83 13584
13 90 13600
13 93 13616
13 94 13632
13 95 13648
13 96 13664
13 98 13680
13 108 13696
13 113 13712
13 114 13728
13 118 13744
13 126 13760
13 128 13776
13 129 13792
13 130 13808
13 135 13824
13 137 13840
13 145 13856
13 146 13872
13 147 13888
13 156 13904
13 164 13920
13 165 13936
13 167 13952
13 168 13968
13 170 13984
13 171 14000
13 172 14016
13 177 14032
13 179 14048
13 183 14064
13 184 14080
13 190 14096
13 191 14112
13 197 14128
13 199 14144
13 207 14160
13 209 14176
13 210 14192
13 211 14208
13 214 14224
13 236 14240
13 238 14256
13 239 14272
13 242 14288
13 244 14304
13 255 14320
13 263 14336
13 266 14352
13 271 14368
13 272 14384
13 273 14400
13 278 14416
13 280 14432
13 281 14448
13 285 14464
13 286 14480
13 290 14496
13 297 14512
13 301 14528
13 302 14544
13 303 14560
13 304 14576
13 305 14592
13 306 14608
13 318 14624
13 322 14640
13 325 14656
13 326 14672
13 327 14688
13 329 14704
13 333 14720
13 336 14736
13 337 14752
13 339 14768
13 340 14784
13 342 14800
13 343 14816
13 346 14832
13 349 14848
13 350 14864
13 351 14880
13 352 14896
13 356 14912
13 357 14928
13 361 14944
13 371 14960
13 375 14976
13 390 14992
13 409 15008
13 413 15024
13 418 15040
13 420 15056
13 421 15072
13 423 15088
13 440 15104
13 443 15120
13 444 15136
13 445 15152
13 446 15168
13 450 15184
13 458 15200
13 461 15216
13 476 15232
13 478 15248
13 481 15264
13 483 15280
13 484 15296
13 489 15312
13 497 15328
13 506 15344
13 509 15360
13 514 15376
13 515 15392
13 520 15408
13 526 15424
13 535 15440
13 550 15456
13 552 15472
13 576 15488
13 579 15504
13 581 15520
13 588 15536
13 590 15552
13 624 15568
13 655 15584
13 661 15600
13 667 15616
13 679 15632
13 685 15648
13 698 15664
13 730 15680
13 748 15696
13 767 15712
13 771 15728
13 785 15744
13 809 15760
13 812 15776
13 820 15792
13 840 15808
13 900 15824
13 949 15840
13 980 15856
14 12 15872
14 14 15888
14 18 15904
14 47 15920
14 51 15936
14 53 15952
14 61 15968
14 64 15984
14 65 16000
14 79 16016
14 85 16032
14 86 16048
14 93 16064
14 103 16080
14 128 16096
14 129 16112
14 130 16128
14 133 16144
14 141 16160
14 167 16176
14 168 16192
14 172 16208
14 178 16224
14 181 16240
14 196 16256
14 203 16272
14 205 16288
14 206 16304
14 221 16320
14 226 16336
14 231 16352
14 232 16368
14 256 16384
14 270 16400
14 277 16416
14 280 16432
14 283 16448
14 284 16464
14 289 16480
14 290 16496
14 291 16512
14 292 16528
14 312 16544
14 339 16560
14 368 16576
14 380 16592
14 389 16608
14 390 16624
14 394 16640
14 403 16656
14 419 16672
14 426 16688
14 430 16704
14 434 16720
14 440 16736
14 450 16752
14 465 16768
14 482 16784
14 486 16800
14 493 16816
14 498 16832
14 515 16848
14 523 16864
14 526 16880
14 537 16896
14 556 16912
14 562 16928
14 593 16944
14 706 16960
14 776 16976
14 797 16992
14 918 17008
14 922 17024
15 15 17040
15 16 17056
15 45 17072
15 46 17088
15 62 17104
15 82 17120
15 128 17136
15 139 17152
15 140 17168
15 160 17184
15 162 17200
15 164 17216
15 174 17232
15 183 17248
15 216 17264
15 269 17280
15 272 17296
15 274 17312
15 285 17328
15 303 17344
15 322 17360
15 334 17376
15 335 17392
15 353 17408
15 362 17424
15 404 17440
15 420 17456
15 428 17472
15 429 17488
15 446 17504
15 447 17520
15 448 17536
15 461 17552
15 592 17568
15 760 17584
15 820 17600
15 933 17616
16 44 17632
16 63 17648
16 64 17664
16 68 17680
16 80 17696
16 81 17712
16 105 17728
16 106 17744
16 107 17760
16 115 17776
16 121 17792
16 128 17808
16 132 17824
16 157 17840
16 164 17856
16 170 17872
16 174 17888
16 183 17904
16 209 17920
16 210 17936
16 221 17952
16 222 17968
16 255 17984
16 269 18000
16 280 18016
16 281 18032
16 282 18048
16 283 18064
16 290 18080
16 304 18096
16 308 18112
16 311 18128
16 337 18144
16 338 18160
16 355 18176
16 362 18192
16 367 18208
16 405 18224
16 424 18240
16 434 18256
16 448 18272
16 489 18288
16 495 18304
16 518 18320
16 642 18336
16 771 18352
16 828 18368
17 0 18384
17 1 18400
17 17 18416
17 18 18432
17 21 18448
17 23 18464
17 41 18480
17 42 18496
17 62 18512
17 73 18528
17 74 18544
17 82 18560
17 83 18576
17 85 18592
17 86 18608
17 87 18624
17 105 18640
17 106 18656
17 107 18672
17 115 18688
17 120 18704
17 121 18720
17 142 18736
17 146 18752
17 147 18768
17 153 18784
17 154 18800
17 155 18816
17 160 18832
17 162 18848
17 163 18864
17 166 18880
17 173 18896
17 177 18912
17 180 18928
17 189 18944
17 212 18960
17 215 18976
17 218 18992
17 219 19008
17 220 19024
17 221 19040
17 222 19056
17 223 19072
17 224 19088
17 225 19104
17 226 19120
17 228 19136
17 233 19152
17 248 19168
17 249 19184
17 252 19200
17 253 19216
17 255 19232
17 269 19248
17 282 19264
17 283 19280
17 295 19296
17 297 19312
17 307 19328
17 308 19344
17 309 19360
17 310 19376
17 311 19392
17 312 19408
17 313 19424
17 314 19440
17 315 19456
17 316 19472
17 317 19488
17 340 19504
17 341 19520
17 363 19536
17 366 19552
17 378 19568
17 386 19584
17 393 19600
17 404 19616
17 405 19632
17 422 19648
17 424 19664
17 427 19680
17 431 19696
17 434 19712
17 441 19728
17 459 19744
17 467 19760
17 473 19776
17 474 19792
17 493 19808
17 494 19824
17 495 19840
17 518 19856
17 532 19872
17 533 19888
17 546 19904
17 612 19920
17 615 19936
17 643 19952
17 654 19968
17 671 19984
17 696 20000
17 726 20016
17 872 20032
17 932 20048
17 950 20064
18 0 20080
18 17 20096
18 18 20112
18 62 20128
18 74 20144
18 85 20160
18 86 20176
18 103 20192
18 104 20208
18 107 20224
18 115 20240
18 120 20256
18 121 20272
18 133 20288
18 160 20304
18 166 20320
18 167 20336
18 177 20352
18 182 20368
18 215 20384
18 218 20400
18 219 20416
18 221 20432
18 222 20448
18 223 20464
18 225 20480
18 232 20496
18 280 20512
18 295 20528
18 301 20544
18 310 20560
18 317 20576
18 365 20592
18 366 20608
18 376 20624
18 419 20640
18 420 20656
18 424 20672
18 533 20688
18 696 20704
18 797 20720
18 852 20736
19 7 20752
19 11 20768
19 12 20784
19 19 20800
19 42 20816
19 44 20832
19 49 20848
19 62 20864
19 83 20880
19 107 20896
19 121 20912
19 141 20928
19 142 20944
19 160 20960
19 161 20976
19 183 20992
19 184 21008
19 249 21024
19 264 21040
19 265 21056
19 267 21072
19 268 21088
19 293 21104
19 331 21120
19 360 21136
19 362 21152
19 365 21168
19 366 21184
19 420 21200
19 421 21216
19 430 21232
19 434 21248
19 441 21264
19 452 21280
19 459 21296
19 473 21312
19 499 21328
19 504 21344
19 506 21360
19 510 21376
19 513 21392
19 525 21408
19 533 21424
19 549 21440
19 550 21456
19 555 21472
19 569 21488
19 570 21504
19 573 21520
19 661 21536
19 666 21552
19 674 21568
19 700 21584
19 707 21600
19 754 21616
19 823 21632
19 856 21648
19 957 21664
20 10 21680
20 11 21696
20 20 21712
20 21 21728
20 22 21744
20 28 21760
20 42 21776
20 62 21792
20 68 21808
20 72 21824
20 74 21840
20 80 21856
20 81 21872
20 82 21888
20 83 21904
20 86 21920
20 92 21936
20 96 21952
20 106 21968
20 127 21984
20 137 22000
20 142 22016
20 160 22032
20 166 22048
20 173 22064
20 187 22080
20 188 22096
20 215 22112
20 222 22128
20 223 22144
20 230 22160
20 259 22176
20 260 22192
20 271 22208
20 282 22224
20 287 22240
20 301 22256
20 326 22272
20 327 22288
20 329 22304
20 366 22320
20 400 22336
20 409 22352
20 424 22368
20 459 22384
20 480 22400
20 495 22416
20 520 22432
20 536 22448
20 715 22464
20 728 22480
20 885 22496
20 887 22512
20 932 22528
21 1 22544
21 5 22560
21 6 22576
21 10 22592
21 11 22608
21 13 22624
21 17 22640
21 20 22656
21 21 22672
21 22 22688
21 28 22704
21 29 22720
21 36 22736
21 41 22752
21 42 22768
21 44 22784
21 46 22800
21 62 22816
21 64 22832
21 68 22848
21 72 22864
21 74 22880
21 80 22896
21 81 22912
21 82 22928
21 83 22944
21 86 22960
21 87 22976
21 92 22992
21 96 23008
21 105 23024
21 106 23040
21 107 23056
21 114 23072
21 115 23088
21 118 23104
21 121 23120
21 127 23136
21 128 23152
21 129 23168
21 137 23184
21 145 23200
21 146 23216
21 152 23232
21 160 23248
21 166 23264
21 169 23280
21 173 23296
21 174 23312
21 183 23328
21 184 23344
21 187 23360
21 188 23376
21 189 23392
21 210 23408
21 211 23424
21 212 23440
21 214 23456
21 221 23472
21 222 23488
21 230 23504
21 249 23520
21 253 23536
21 254 23552
21 256 23568
21 259 23584
21 260 23600
21 272 23616
21 274 23632
21 278 23648
21 280 23664
21 282 23680
21 283 23696
21 287 23712
21 296 23728
21 301 23744
21 303 23760
21 306 23776
21 308 23792
21 314 23808
21 325 23824
21 326 23840
21 327 23856
21 329 23872
21 333 23888
21 355 23904
21 357 23920
21 363 23936
21 364 23952
21 365 23968
21 367 23984
21 371 24000
21 375 24016
21 400 24032
21 405 24048
21 409 24064
21 420 24080
21 424 24096
21 434 24112
21 459 24128
21 462 24144
21 467 24160
21 480 24176
21 489 24192
21 495 24208
21 513 24224
21 518 24240
21 520 24256
21 533 24272
21 537 24288
21 548 24304
21 550 24320
21 551 24336
21 581 24352
21 615 24368
21 624 24384
21 642 24400
21 647 24416
21 671 24432
21 686 24448
21 690 24464
21 695 24480
21 715 24496
21 728 24512
21 777 24528
21 787 24544
21 820 24560
21 896 24576
21 966 24592
22 11 24608
22 20 24624
22 21 24640
22 22 24656
22 35 24672
22 92 24688
22 127 24704
22 137 24720
22 155 24736
22 173 24752
22 258 24768
22 301 24784
22 520 24800
22 686 24816
23 13 24832
23 23 24848
23 24 24864
23 25 24880
23 26 24896
23 27 24912
23 28 24928
23 29 24944
23 30 24960
23 31 24976
23 32 24992
23 33 25008
23 34 25024
23 35 25040
23 36 25056
23 37 25072
23 38 25088
23 39 25104
23 40 25120
23 62 25136
23 82 25152
23 87 25168
23 96 25184
23 107 25200
23 115 25216
23 116 25232
23 121 25248
23 128 25264
23 135 25280
23 151 25296
23 160 25312
23 165 25328
23 166 25344
23 170 25360
23 171 25376
23 172 25392
23 212 25408
23 215 25424
23 220 25440
23 229 25456
23 251 25472
23 261 25488
23 301 25504
23 333 25520
23 337 25536
23 367 25552
