930 4 8556380160
931 6 8556380176
932 4 8556380192
933 5 8556380208
934 7 8556380224
935 7 8556380240
936 7 8556380256
937 9 8556380272
938 7 8556380288
939 1 8556380304
940 5 8556380320
941 3 8556380336
942 4 8556380352
943 7 8556380368
944 7 8556380384
945 6 8556380400
946 7 8556380416
947 1 8556380432
948 4 8556380448
949 5 8556380464
950 6 8556380480
951 1 8556380496
952 3 8556380512
953 8 8556380528
954 6 8556380544
955 2 8556380560
956 6 8556380576
957 3 8556380592
958 4 8556380608
959 2 8556380624
960 2 8556380640
961 1 8556380656
962 9 8556380672
963 2 8556380688
964 3 8556380704
965 1 8556380720
966 4 8556380736
967 7 8556380752
968 3 8556380768
969 2 8556380784
970 2 8556380800
971 3 8556380816
972 6 8556380832
973 3 8556380848
974 9 8556380864
975 5 8556380880
976 2 8556380896
977 1 8556380912
978 7 8556380928
979 4 8556380944
980 4 8556380960
981 8 8556380976
982 4 8556380992
983 9 8556381008
984 3 8556381024
985 3 8556381040
986 4 8556381056
987 5 8556381072
988 5 8556381088
989 2 8556381104
990 2 8556381120
991 7 8556381136
992 9 8556381152
993 8 8556381168
994 1 8556381184
995 9 8556381200
996 5 8556381216
997 4 8556381232
998 2 8556381248
999 9 8556381264
1000 2 8556381280
1001 8 8556381296
1002 6 8556381312
1003 5 8556381328
