310 1 2684354560
310 17 2684354576
310 18 2684354592
310 62 2684354608
310 78 2684354624
310 82 2684354640
310 85 2684354656
310 105 2684354672
310 107 2684354688
310 160 2684354704
310 170 2684354720
310 221 2684354736
310 249 2684354752
310 272 2684354768
310 313 2684354784
310 317 2684354800
310 340 2684354816
310 365 2684354832
310 366 2684354848
310 445 2684354864
310 494 2684354880
310 581 2684354896
310 932 2684354912
311 16 2684354928
311 17 2684354944
311 73 2684354960
311 74 2684354976
311 106 2684354992
311 184 2684355008
311 188 2684355024
311 190 2684355040
311 215 2684355056
311 218 2684355072
311 222 2684355088
311 225 2684355104
311 248 2684355120
311 260 2684355136
311 268 2684355152
311 297 2684355168
311 301 2684355184
311 309 2684355200
311 420 2684355216
311 424 2684355232
311 459 2684355248
311 494 2684355264
311 756 2684355280
312 17 2684355296
312 62 2684355312
312 74 2684355328
312 85 2684355344
312 177 2684355360
312 189 2684355376
312 221 2684355392
312 225 2684355408
312 228 2684355424
312 232 2684355440
312 255 2684355456
312 256 2684355472
312 301 2684355488
312 311 2684355504
312 317 2684355520
312 366 2684355536
312 377 2684355552
312 420 2684355568
312 494 2684355584
312 841 2684355600
313 17 2684355616
313 73 2684355632
313 215 2684355648
313 313 2684355664
313 560 2684355680
313 623 2684355696
314 17 2684355712
314 18 2684355728
314 21 2684355744
314 52 2684355760
314 62 2684355776
314 74 2684355792
314 85 2684355808
314 105 2684355824
314 106 2684355840
314 107 2684355856
314 160 2684355872
314 161 2684355888
314 165 2684355904
314 166 2684355920
314 184 2684355936
314 189 2684355952
314 215 2684355968
314 218 2684355984
314 219 2684356000
314 221 2684356016
314 222 2684356032
314 223 2684356048
314 225 2684356064
314 226 2684356080
314 228 2684356096
314 255 2684356112
314 256 2684356128
314 283 2684356144
314 295 2684356160
314 301 2684356176
314 307 2684356192
314 310 2684356208
314 312 2684356224
314 314 2684356240
314 317 2684356256
314 340 2684356272
314 363 2684356288
314 365 2684356304
314 405 2684356320
314 418 2684356336
314 420 2684356352
314 434 2684356368
314 495 2684356384
314 507 2684356400
314 726 2684356416
314 764 2684356432
314 872 2684356448
316 0 2684356464
316 1 2684356480
316 6 2684356496
316 17 2684356512
316 121 2684356528
316 146 2684356544
316 160 2684356560
316 187 2684356576
316 215 2684356592
316 221 2684356608
316 222 2684356624
316 223 2684356640
316 231 2684356656
316 268 2684356672
316 297 2684356688
316 309 2684356704
316 316 2684356720
316 379 2684356736
316 420 2684356752
316 459 2684356768
316 465 2684356784
316 468 2684356800
316 560 2684356816
316 758 2684356832
317 1 2684356848
317 17 2684356864
317 18 2684356880
317 73 2684356896
317 74 2684356912
317 85 2684356928
317 116 2684356944
317 221 2684356960
317 223 2684356976
317 226 2684356992
317 248 2684357008
317 309 2684357024
317 310 2684357040
317 312 2684357056
317 313 2684357072
317 314 2684357088
317 366 2684357104
317 485 2684357120
318 5 2684357136
318 36 2684357152
318 40 2684357168
318 47 2684357184
318 48 2684357200
318 64 2684357216
318 76 2684357232
318 82 2684357248
318 86 2684357264
318 107 2684357280
318 113 2684357296
318 114 2684357312
318 115 2684357328
318 121 2684357344
318 127 2684357360
318 160 2684357376
318 169 2684357392
318 170 2684357408
318 171 2684357424
318 183 2684357440
318 245 2684357456
318 263 2684357472
318 283 2684357488
318 318 2684357504
318 326 2684357520
318 333 2684357536
318 338 2684357552
318 361 2684357568
318 409 2684357584
318 417 2684357600
318 420 2684357616
318 423 2684357632
318 424 2684357648
318 426 2684357664
318 442 2684357680
318 443 2684357696
318 444 2684357712
318 455 2684357728
318 482 2684357744
318 485 2684357760
318 486 2684357776
318 494 2684357792
318 527 2684357808
318 547 2684357824
318 615 2684357840
318 725 2684357856
319 319 2684357872
320 60 2684357888
320 61 2684357904
320 94 2684357920
320 103 2684357936
320 104 2684357952
320 156 2684357968
320 157 2684357984
320 160 2684358000
320 179 2684358016
320 181 2684358032
320 182 2684358048
320 213 2684358064
320 232 2684358080
320 250 2684358096
320 283 2684358112
320 295 2684358128
320 296 2684358144
320 320 2684358160
320 321 2684358176
320 333 2684358192
320 349 2684358208
320 350 2684358224
320 351 2684358240
320 368 2684358256
320 377 2684358272
320 379 2684358288
320 380 2684358304
320 381 2684358320
320 389 2684358336
320 391 2684358352
320 393 2684358368
320 394 2684358384
320 396 2684358400
320 397 2684358416
320 434 2684358432
320 483 2684358448
320 593 2684358464
320 616 2684358480
320 628 2684358496
320 734 2684358512
320 868 2684358528
320 947 2684358544
321 38 2684358560
321 60 2684358576
321 61 2684358592
321 103 2684358608
321 104 2684358624
321 150 2684358640
321 156 2684358656
321 157 2684358672
321 160 2684358688
321 177 2684358704
321 179 2684358720
321 181 2684358736
321 182 2684358752
321 232 2684358768
321 250 2684358784
321 283 2684358800
321 295 2684358816
321 296 2684358832
321 320 2684358848
321 321 2684358864
321 349 2684358880
321 351 2684358896
321 368 2684358912
321 376 2684358928
321 377 2684358944
321 378 2684358960
321 379 2684358976
321 380 2684358992
321 381 2684359008
321 384 2684359024
321 385 2684359040
321 387 2684359056
321 388 2684359072
321 389 2684359088
321 390 2684359104
321 391 2684359120
321 392 2684359136
321 393 2684359152
321 394 2684359168
321 395 2684359184
321 396 2684359200
321 397 2684359216
321 440 2684359232
321 483 2684359248
321 533 2684359264
321 546 2684359280
321 560 2684359296
321 579 2684359312
321 592 2684359328
321 697 2684359344
321 810 2684359360
321 904 2684359376
321 947 2684359392
322 15 2684359408
322 45 2684359424
322 139 2684359440
322 140 2684359456
322 269 2684359472
322 272 2684359488
322 273 2684359504
322 322 2684359520
322 334 2684359536
322 335 2684359552
322 428 2684359568
322 429 2684359584
322 434 2684359600
322 446 2684359616
322 447 2684359632
322 448 2684359648
322 461 2684359664
322 533 2684359680
322 592 2684359696
322 676 2684359712
322 735 2684359728
322 794 2684359744
322 929 2684359760
322 933 2684359776
323 2 2684359792
323 3 2684359808
323 4 2684359824
323 5 2684359840
323 6 2684359856
323 64 2684359872
323 97 2684359888
323 98 2684359904
323 99 2684359920
323 100 2684359936
323 101 2684359952
323 102 2684359968
323 124 2684359984
323 125 2684360000
323 160 2684360016
323 162 2684360032
323 185 2684360048
323 192 2684360064
323 271 2684360080
323 300 2684360096
323 323 2684360112
323 353 2684360128
323 354 2684360144
323 371 2684360160
323 404 2684360176
323 447 2684360192
323 618 2684360208
323 640 2684360224
323 654 2684360240
323 662 2684360256
323 708 2684360272
323 768 2684360288
324 10 2684360304
324 11 2684360320
324 19 2684360336
324 43 2684360352
324 44 2684360368
324 63 2684360384
324 466 2684360400
324 555 2684360416
324 558 2684360432
324 666 2684360448
324 720 2684360464
325 10 2684360480
325 21 2684360496
325 65 2684360512
325 69 2684360528
325 82 2684360544
325 96 2684360560
325 143 2684360576
325 173 2684360592
325 260 2684360608
325 325 2684360624
325 327 2684360640
325 509 2684360656
325 945 2684360672
325 962 2684360688
326 10 2684360704
326 13 2684360720
326 20 2684360736
326 21 2684360752
326 64 2684360768
326 86 2684360784
326 87 2684360800
326 96 2684360816
326 107 2684360832
326 118 2684360848
326 121 2684360864
326 143 2684360880
326 155 2684360896
326 173 2684360912
326 245 2684360928
326 306 2684360944
326 325 2684360960
326 326 2684360976
326 327 2684360992
326 420 2684361008
326 543 2684361024
326 733 2684361040
326 923 2684361056
327 5 2684361072
327 6 2684361088
327 10 2684361104
327 11 2684361120
327 20 2684361136
327 21 2684361152
327 105 2684361168
327 107 2684361184
327 128 2684361200
327 141 2684361216
327 160 2684361232
327 173 2684361248
327 249 2684361264
327 259 2684361280
327 301 2684361296
327 306 2684361312
327 325 2684361328
327 326 2684361344
327 327 2684361360
327 328 2684361376
327 416 2684361392
327 473 2684361408
327 486 2684361424
327 728 2684361440
327 733 2684361456
327 820 2684361472
327 894 2684361488
327 945 2684361504
328 66 2684361520
328 90 2684361536
328 91 2684361552
328 108 2684361568
328 143 2684361584
328 328 2684361600
328 329 2684361616
328 331 2684361632
328 357 2684361648
328 375 2684361664
328 459 2684361680
328 474 2684361696
328 478 2684361712
328 494 2684361728
328 514 2684361744
329 4 2684361760
329 13 2684361776
329 20 2684361792
329 21 2684361808
329 28 2684361824
329 42 2684361840
329 46 2684361856
329 62 2684361872
329 63 2684361888
329 66 2684361904
329 68 2684361920
329 69 2684361936
329 80 2684361952
329 81 2684361968
329 83 2684361984
329 87 2684362000
329 90 2684362016
329 91 2684362032
329 96 2684362048
329 105 2684362064
329 106 2684362080
329 107 2684362096
329 108 2684362112
329 113 2684362128
329 114 2684362144
329 128 2684362160
329 129 2684362176
329 137 2684362192
329 143 2684362208
329 160 2684362224
329 169 2684362240
329 183 2684362256
329 184 2684362272
329 187 2684362288
329 190 2684362304
329 198 2684362320
329 208 2684362336
329 210 2684362352
329 211 2684362368
329 245 2684362384
329 249 2684362400
329 255 2684362416
329 258 2684362432
329 283 2684362448
329 286 2684362464
329 290 2684362480
329 300 2684362496
329 303 2684362512
329 328 2684362528
329 329 2684362544
329 340 2684362560
329 351 2684362576
329 355 2684362592
329 356 2684362608
329 357 2684362624
329 363 2684362640
329 365 2684362656
329 367 2684362672
329 371 2684362688
329 375 2684362704
329 410 2684362720
329 419 2684362736
329 434 2684362752
329 469 2684362768
329 474 2684362784
329 476 2684362800
329 477 2684362816
329 478 2684362832
329 480 2684362848
329 486 2684362864
329 495 2684362880
329 514 2684362896
329 568 2684362912
329 576 2684362928
329 652 2684362944
329 671 2684362960
329 989 2684362976
330 64 2684362992
330 73 2684363008
330 74 2684363024
330 223 2684363040
330 330 2684363056
330 438 2684363072
331 19 2684363088
331 29 2684363104
331 44 2684363120
331 73 2684363136
331 74 2684363152
331 166 2684363168
331 222 2684363184
331 223 2684363200
331 225 2684363216
331 260 2684363232
331 295 2684363248
331 328 2684363264
331 340 2684363280
331 358 2684363296
331 362 2684363312
331 459 2684363328
331 464 2684363344
331 482 2684363360
331 707 2684363376
331 764 2684363392
332 44 2684363408
332 213 2684363424
332 358 2684363440
332 359 2684363456
332 406 2684363472
332 407 2684363488
332 421 2684363504
332 487 2684363520
332 499 2684363536
332 500 2684363552
332 502 2684363568
332 504 2684363584
332 505 2684363600
332 506 2684363616
332 523 2684363632
332 525 2684363648
332 529 2684363664
332 608 2684363680
332 699 2684363696
332 700 2684363712
332 707 2684363728
332 720 2684363744
332 836 2684363760
333 5 2684363776
333 17 2684363792
333 21 2684363808
333 23 2684363824
333 28 2684363840
333 36 2684363856
333 41 2684363872
333 47 2684363888
333 48 2684363904
333 58 2684363920
333 62 2684363936
333 76 2684363952
333 77 2684363968
333 81 2684363984
333 82 2684364000
333 83 2684364016
333 84 2684364032
333 87 2684364048
333 89 2684364064
333 96 2684364080
333 105 2684364096
333 107 2684364112
333 113 2684364128
333 114 2684364144
333 115 2684364160
333 121 2684364176
333 128 2684364192
333 129 2684364208
333 133 2684364224
333 142 2684364240
333 145 2684364256
333 152 2684364272
333 153 2684364288
333 154 2684364304
333 155 2684364320
333 160 2684364336
333 162 2684364352
333 163 2684364368
333 165 2684364384
333 166 2684364400
333 169 2684364416
333 171 2684364432
333 172 2684364448
333 173 2684364464
333 176 2684364480
333 180 2684364496
333 211 2684364512
333 212 2684364528
333 230 2684364544
333 233 2684364560
333 245 2684364576
333 249 2684364592
333 252 2684364608
333 253 2684364624
333 256 2684364640
333 261 2684364656
333 263 2684364672
333 269 2684364688
333 271 2684364704
333 279 2684364720
333 280 2684364736
333 281 2684364752
333 282 2684364768
333 283 2684364784
333 288 2684364800
333 302 2684364816
333 318 2684364832
333 320 2684364848
333 329 2684364864
333 333 2684364880
333 340 2684364896
333 355 2684364912
333 361 2684364928
333 366 2684364944
333 367 2684364960
333 393 2684364976
333 404 2684364992
333 411 2684365008
333 417 2684365024
333 419 2684365040
333 421 2684365056
333 422 2684365072
333 423 2684365088
333 427 2684365104
333 434 2684365120
333 438 2684365136
333 441 2684365152
333 442 2684365168
333 443 2684365184
333 444 2684365200
333 455 2684365216
333 460 2684365232
333 471 2684365248
333 473 2684365264
333 474 2684365280
333 485 2684365296
333 486 2684365312
333 492 2684365328
333 493 2684365344
333 516 2684365360
333 517 2684365376
333 518 2684365392
333 527 2684365408
333 531 2684365424
333 533 2684365440
333 546 2684365456
333 547 2684365472
333 577 2684365488
333 601 2684365504
333 609 2684365520
333 627 2684365536
333 641 2684365552
333 654 2684365568
333 736 2684365584
333 820 2684365600
333 847 2684365616
333 895 2684365632
333 919 2684365648
333 925 2684365664
333 932 2684365680
333 950 2684365696
333 976 2684365712
333 981 2684365728
333 983 2684365744
333 984 2684365760
334 15 2684365776
334 46 2684365792
334 139 2684365808
334 140 2684365824
334 164 2684365840
334 269 2684365856
334 274 2684365872
334 322 2684365888
334 334 2684365904
334 335 2684365920
334 448 2684365936
334 579 2684365952
334 592 2684365968
334 929 2684365984
334 933 2684366000
335 15 2684366016
335 45 2684366032
335 97 2684366048
335 124 2684366064
335 139 2684366080
335 164 2684366096
335 269 2684366112
335 274 2684366128
335 322 2684366144
335 334 2684366160
335 335 2684366176
335 429 2684366192
335 447 2684366208
335 448 2684366224
335 533 2684366240
335 592 2684366256
335 760 2684366272
335 794 2684366288
335 929 2684366304
335 933 2684366320
336 27 2684366336
336 41 2684366352
336 84 2684366368
336 92 2684366384
336 115 2684366400
336 116 2684366416
336 135 2684366432
336 136 2684366448
336 165 2684366464
336 169 2684366480
336 170 2684366496
336 251 2684366512
336 260 2684366528
336 280 2684366544
336 336 2684366560
336 337 2684366576
336 338 2684366592
336 339 2684366608
336 400 2684366624
336 438 2684366640
336 485 2684366656
336 883 2684366672
337 5 2684366688
337 6 2684366704
337 16 2684366720
337 23 2684366736
337 27 2684366752
337 30 2684366768
337 82 2684366784
337 96 2684366800
337 115 2684366816
337 116 2684366832
337 123 2684366848
337 135 2684366864
337 136 2684366880
337 160 2684366896
337 165 2684366912
337 169 2684366928
337 170 2684366944
337 245 2684366960
337 301 2684366976
337 336 2684366992
337 337 2684367008
337 338 2684367024
337 367 2684367040
337 420 2684367056
337 424 2684367072
337 437 2684367088
337 438 2684367104
337 511 2684367120
337 548 2684367136
337 883 2684367152
338 16 2684367168
338 28 2684367184
338 31 2684367200
338 32 2684367216
338 35 2684367232
338 37 2684367248
338 48 2684367264
338 62 2684367280
338 96 2684367296
338 107 2684367312
338 113 2684367328
338 114 2684367344
338 115 2684367360
338 116 2684367376
338 121 2684367392
338 123 2684367408
338 135 2684367424
338 136 2684367440
338 160 2684367456
338 165 2684367472
338 169 2684367488
338 170 2684367504
338 183 2684367520
338 211 2684367536
338 229 2684367552
338 245 2684367568
338 252 2684367584
338 256 2684367600
338 263 2684367616
338 318 2684367632
338 336 2684367648
338 337 2684367664
338 338 2684367680
338 339 2684367696
338 365 2684367712
338 367 2684367728
338 420 2684367744
338 434 2684367760
338 437 2684367776
338 438 2684367792
338 439 2684367808
338 455 2684367824
338 485 2684367840
338 724 2684367856
338 860 2684367872
338 900 2684367888
338 914 2684367904
338 987 2684367920
339 10 2684367936
339 14 2684367952
339 25 2684367968
339 26 2684367984
339 27 2684368000
339 29 2684368016
339 30 2684368032
339 32 2684368048
339 33 2684368064
339 34 2684368080
339 35 2684368096
339 38 2684368112
339 39 2684368128
339 40 2684368144
339 79 2684368160
339 96 2684368176
339 113 2684368192
339 115 2684368208
339 116 2684368224
339 135 2684368240
339 136 2684368256
339 151 2684368272
339 165 2684368288
339 167 2684368304
339 169 2684368320
339 170 2684368336
339 171 2684368352
339 179 2684368368
339 245 2684368384
339 251 2684368400
339 261 2684368416
339 336 2684368432
339 337 2684368448
339 338 2684368464
339 339 2684368480
339 340 2684368496
339 361 2684368512
339 370 2684368528
339 417 2684368544
339 437 2684368560
339 438 2684368576
339 443 2684368592
339 455 2684368608
339 464 2684368624
339 547 2684368640
339 725 2684368656
339 818 2684368672
339 883 2684368688
339 987 2684368704
340 10 2684368720
340 16 2684368736
340 28 2684368752
340 46 2684368768
340 62 2684368784
340 74 2684368800
340 78 2684368816
340 79 2684368832
340 82 2684368848
340 83 2684368864
340 86 2684368880
340 105 2684368896
340 107 2684368912
340 114 2684368928
340 121 2684368944
340 128 2684368960
340 129 2684368976
340 133 2684368992
340 134 2684369008
340 142 2684369024
340 143 2684369040
340 160 2684369056
340 165 2684369072
340 166 2684369088
340 167 2684369104
340 173 2684369120
340 179 2684369136
340 212 2684369152
340 217 2684369168
340 218 2684369184
340 249 2684369200
340 251 2684369216
340 256 2684369232
340 274 2684369248
340 280 2684369264
340 282 2684369280
340 290 2684369296
340 310 2684369312
340 314 2684369328
340 325 2684369344
340 333 2684369360
340 339 2684369376
340 340 2684369392
340 371 2684369408
340 375 2684369424
340 405 2684369440
340 419 2684369456
340 434 2684369472
340 438 2684369488
340 450 2684369504
340 464 2684369520
340 473 2684369536
340 482 2684369552
340 494 2684369568
340 497 2684369584
340 521 2684369600
340 531 2684369616
340 535 2684369632
340 546 2684369648
340 547 2684369664
340 553 2684369680
340 554 2684369696
340 593 2684369712
340 598 2684369728
340 654 2684369744
340 777 2684369760
340 811 2684369776
340 848 2684369792
340 867 2684369808
340 922 2684369824
340 932 2684369840
340 934 2684369856
341 74 2684369872
341 215 2684369888
341 222 2684369904
341 248 2684369920
341 297 2684369936
341 309 2684369952
341 311 2684369968
341 316 2684369984
342 17 2684370000
342 41 2684370016
342 60 2684370032
342 62 2684370048
342 94 2684370064
342 95 2684370080
342 103 2684370096
342 107 2684370112
342 122 2684370128
342 129 2684370144
342 130 2684370160
342 139 2684370176
342 147 2684370192
342 149 2684370208
342 156 2684370224
342 157 2684370240
342 167 2684370256
342 172 2684370272
342 173 2684370288
342 178 2684370304
342 179 2684370320
342 180 2684370336
342 181 2684370352
342 191 2684370368
342 199 2684370384
342 203 2684370400
342 214 2684370416
342 219 2684370432
342 228 2684370448
342 231 2684370464
342 257 2684370480
342 262 2684370496
342 277 2684370512
342 278 2684370528
342 280 2684370544
342 284 2684370560
342 294 2684370576
342 296 2684370592
342 340 2684370608
342 342 2684370624
342 343 2684370640
342 345 2684370656
342 346 2684370672
342 348 2684370688
342 349 2684370704
342 350 2684370720
342 351 2684370736
342 352 2684370752
342 376 2684370768
342 377 2684370784
342 381 2684370800
342 393 2684370816
342 450 2684370832
342 468 2684370848
342 483 2684370864
342 493 2684370880
342 495 2684370896
342 511 2684370912
342 575 2684370928
342 593 2684370944
342 621 2684370960
342 681 2684370976
342 776 2684370992
342 797 2684371008
342 851 2684371024
342 907 2684371040
343 107 2684371056
343 128 2684371072
343 129 2684371088
343 157 2684371104
343 160 2684371120
343 180 2684371136
343 183 2684371152
343 191 2684371168
343 207 2684371184
343 214 2684371200
343 278 2684371216
343 343 2684371232
343 345 2684371248
343 681 2684371264
343 820 2684371280
344 148 2684371296
344 149 2684371312
344 156 2684371328
344 176 2684371344
344 177 2684371360
344 178 2684371376
344 180 2684371392
344 191 2684371408
344 200 2684371424
344 231 2684371440
344 262 2684371456
344 344 2684371472
344 349 2684371488
344 377 2684371504
344 656 2684371520
344 814 2684371536
345 61 2684371552
345 130 2684371568
345 152 2684371584
345 157 2684371600
345 178 2684371616
345 179 2684371632
345 180 2684371648
345 191 2684371664
345 214 2684371680
345 256 2684371696
345 262 2684371712
345 342 2684371728
345 343 2684371744
345 345 2684371760
345 346 2684371776
345 350 2684371792
345 351 2684371808
345 352 2684371824
345 483 2684371840
345 681 2684371856
346 5 2684371872
346 6 2684371888
346 21 2684371904
346 51 2684371920
346 105 2684371936
346 128 2684371952
346 133 2684371968
346 157 2684371984
346 168 2684372000
346 172 2684372016
346 180 2684372032
346 181 2684372048
346 191 2684372064
346 206 2684372080
346 214 2684372096
346 291 2684372112
346 294 2684372128
346 342 2684372144
346 345 2684372160
346 346 2684372176
346 351 2684372192
346 409 2684372208
346 511 2684372224
346 820 2684372240
347 61 2684372256
347 122 2684372272
347 157 2684372288
347 160 2684372304
347 179 2684372320
347 180 2684372336
347 181 2684372352
347 191 2684372368
347 262 2684372384
347 307 2684372400
347 347 2684372416
347 349 2684372432
347 681 2684372448
348 180 2684372464
348 191 2684372480
349 5 2684372496
349 64 2684372512
349 122 2684372528
349 148 2684372544
349 149 2684372560
349 156 2684372576
349 160 2684372592
349 179 2684372608
349 180 2684372624
349 191 2684372640
349 262 2684372656
349 320 2684372672
349 344 2684372688
349 347 2684372704
349 348 2684372720
349 349 2684372736
349 402 2684372752
349 907 2684372768
350 94 2684372784
350 157 2684372800
350 180 2684372816
350 191 2684372832
350 204 2684372848
350 320 2684372864
350 342 2684372880
350 343 2684372896
350 345 2684372912
350 350 2684372928
350 351 2684372944
350 352 2684372960
350 377 2684372976
350 572 2684372992
350 593 2684373008
350 681 2684373024
350 851 2684373040
350 861 2684373056
351 1 2684373072
351 5 2684373088
351 28 2684373104
351 81 2684373120
351 87 2684373136
351 95 2684373152
351 106 2684373168
351 122 2684373184
351 129 2684373200
351 130 2684373216
351 155 2684373232
351 157 2684373248
351 161 2684373264
351 167 2684373280
351 178 2684373296
351 179 2684373312
351 180 2684373328
351 181 2684373344
351 191 2684373360
351 203 2684373376
351 210 2684373392
351 214 2684373408
351 249 2684373424
351 256 2684373440
351 278 2684373456
351 280 2684373472
351 283 2684373488
351 284 2684373504
351 296 2684373520
351 303 2684373536
351 320 2684373552
351 321 2684373568
351 329 2684373584
351 342 2684373600
351 345 2684373616
351 350 2684373632
351 351 2684373648
351 352 2684373664
351 363 2684373680
351 364 2684373696
351 365 2684373712
351 371 2684373728
351 377 2684373744
351 419 2684373760
351 420 2684373776
351 495 2684373792
351 575 2684373808
351 734 2684373824
352 41 2684373840
352 60 2684373856
352 178 2684373872
352 180 2684373888
352 206 2684373904
352 214 2684373920
352 342 2684373936
352 345 2684373952
352 346 2684373968
352 347 2684373984
352 350 2684374000
352 351 2684374016
352 352 2684374032
352 483 2684374048
352 546 2684374064
352 656 2684374080
352 681 2684374096
352 789 2684374112
352 851 2684374128
353 15 2684374144
353 86 2684374160
353 87 2684374176
353 97 2684374192
353 98 2684374208
353 99 2684374224
353 100 2684374240
353 101 2684374256
353 106 2684374272
353 121 2684374288
353 124 2684374304
353 125 2684374320
353 129 2684374336
353 142 2684374352
353 160 2684374368
353 183 2684374384
353 185 2684374400
353 249 2684374416
353 323 2684374432
353 353 2684374448
353 354 2684374464
353 365 2684374480
353 371 2684374496
353 404 2684374512
353 434 2684374528
353 592 2684374544
353 618 2684374560
353 640 2684374576
353 662 2684374592
353 687 2684374608
353 708 2684374624
353 709 2684374640
353 768 2684374656
353 770 2684374672
353 796 2684374688
353 935 2684374704
353 937 2684374720
354 64 2684374736
354 97 2684374752
354 100 2684374768
354 101 2684374784
354 185 2684374800
354 323 2684374816
354 353 2684374832
354 354 2684374848
355 16 2684374864
355 46 2684374880
355 62 2684374896
355 63 2684374912
355 83 2684374928
355 105 2684374944
355 106 2684374960
355 107 2684374976
355 114 2684374992
355 128 2684375008
355 137 2684375024
355 142 2684375040
355 152 2684375056
355 160 2684375072
355 166 2684375088
355 169 2684375104
355 170 2684375120
355 183 2684375136
355 184 2684375152
355 210 2684375168
355 211 2684375184
355 212 2684375200
355 249 2684375216
355 255 2684375232
355 256 2684375248
355 282 2684375264
355 283 2684375280
355 300 2684375296
355 303 2684375312
355 329 2684375328
355 333 2684375344
355 355 2684375360
355 356 2684375376
355 365 2684375392
355 371 2684375408
355 405 2684375424
355 420 2684375440
355 472 2684375456
355 473 2684375472
355 513 2684375488
355 518 2684375504
355 546 2684375520
355 654 2684375536
356 16 2684375552
356 62 2684375568
356 69 2684375584
356 81 2684375600
356 91 2684375616
356 106 2684375632
356 107 2684375648
356 108 2684375664
356 121 2684375680
356 142 2684375696
356 160 2684375712
356 183 2684375728
356 258 2684375744
356 282 2684375760
356 301 2684375776
356 329 2684375792
356 356 2684375808
356 357 2684375824
356 362 2684375840
356 366 2684375856
356 375 2684375872
356 405 2684375888
356 424 2684375904
356 474 2684375920
356 480 2684375936
356 509 2684375952
356 549 2684375968
356 612 2684375984
356 828 2684376000
356 896 2684376016
357 5 2684376032
357 16 2684376048
357 21 2684376064
357 62 2684376080
357 64 2684376096
357 68 2684376112
357 80 2684376128
357 81 2684376144
357 82 2684376160
357 91 2684376176
357 105 2684376192
357 106 2684376208
357 107 2684376224
357 108 2684376240
357 112 2684376256
357 121 2684376272
357 142 2684376288
357 143 2684376304
357 183 2684376320
357 184 2684376336
357 212 2684376352
357 256 2684376368
357 258 2684376384
357 282 2684376400
357 290 2684376416
357 301 2684376432
357 329 2684376448
357 356 2684376464
357 357 2684376480
357 375 2684376496
357 424 2684376512
357 454 2684376528
357 474 2684376544
357 478 2684376560
357 480 2684376576
357 486 2684376592
357 568 2684376608
357 589 2684376624
357 615 2684376640
357 671 2684376656
358 7 2684376672
358 8 2684376688
358 9 2684376704
358 11 2684376720
358 12 2684376736
358 43 2684376752
358 44 2684376768
358 73 2684376784
358 105 2684376800
358 141 2684376816
358 161 2684376832
358 213 2684376848
358 232 2684376864
358 247 2684376880
358 264 2684376896
358 266 2684376912
358 331 2684376928
358 332 2684376944
358 358 2684376960
358 406 2684376976
358 407 2684376992
358 452 2684377008
358 459 2684377024
358 466 2684377040
358 498 2684377056
358 499 2684377072
358 500 2684377088
358 501 2684377104
358 502 2684377120
358 503 2684377136
358 504 2684377152
358 505 2684377168
358 506 2684377184
358 510 2684377200
358 525 2684377216
358 530 2684377232
358 566 2684377248
358 573 2684377264
358 602 2684377280
358 608 2684377296
358 699 2684377312
358 700 2684377328
358 707 2684377344
358 729 2684377360
358 765 2684377376
358 805 2684377392
358 856 2684377408
358 913 2684377424
359 7 2684377440
359 9 2684377456
359 11 2684377472
359 44 2684377488
359 141 2684377504
359 213 2684377520
359 265 2684377536
359 267 2684377552
359 332 2684377568
359 359 2684377584
359 360 2684377600
359 421 2684377616
359 452 2684377632
359 466 2684377648
359 496 2684377664
359 498 2684377680
359 499 2684377696
359 502 2684377712
359 504 2684377728
359 525 2684377744
359 529 2684377760
359 533 2684377776
359 558 2684377792
359 569 2684377808
359 570 2684377824
359 608 2684377840
359 672 2684377856
359 699 2684377872
359 700 2684377888
359 707 2684377904
359 754 2684377920
359 951 2684377936
360 7 2684377952
360 11 2684377968
360 19 2684377984
360 105 2684378000
360 141 2684378016
360 170 2684378032
360 213 2684378048
360 235 2684378064
360 265 2684378080
360 293 2684378096
360 359 2684378112
360 360 2684378128
360 371 2684378144
360 498 2684378160
360 533 2684378176
360 569 2684378192
360 570 2684378208
361 25 2684378224
361 27 2684378240
361 29 2684378256
361 32 2684378272
361 34 2684378288
361 47 2684378304
361 62 2684378320
361 96 2684378336
361 107 2684378352
361 113 2684378368
361 114 2684378384
361 116 2684378400
361 135 2684378416
361 136 2684378432
361 151 2684378448
361 165 2684378464
361 171 2684378480
361 245 2684378496
361 261 2684378512
361 263 2684378528
361 318 2684378544
361 333 2684378560
361 339 2684378576
361 361 2684378592
361 367 2684378608
361 370 2684378624
361 417 2684378640
361 438 2684378656
361 443 2684378672
361 455 2684378688
361 547 2684378704
361 981 2684378720
362 5 2684378736
362 6 2684378752
362 7 2684378768
362 11 2684378784
362 12 2684378800
362 15 2684378816
362 16 2684378832
362 19 2684378848
362 28 2684378864
362 44 2684378880
362 51 2684378896
362 62 2684378912
362 69 2684378928
362 81 2684378944
362 86 2684378960
362 107 2684378976
362 121 2684378992
362 128 2684379008
362 129 2684379024
362 141 2684379040
362 160 2684379056
362 165 2684379072
362 183 2684379088
362 256 2684379104
362 280 2684379120
362 283 2684379136
362 293 2684379152
362 301 2684379168
362 331 2684379184
362 356 2684379200
362 362 2684379216
362 365 2684379232
362 401 2684379248
362 420 2684379264
362 421 2684379280
362 430 2684379296
362 434 2684379312
362 441 2684379328
362 466 2684379344
362 483 2684379360
362 496 2684379376
362 498 2684379392
362 506 2684379408
362 529 2684379424
362 602 2684379440
362 661 2684379456
362 666 2684379472
362 820 2684379488
362 856 2684379504
363 16 2684379520
363 28 2684379536
363 63 2684379552
363 81 2684379568
363 87 2684379584
363 106 2684379600
363 114 2684379616
363 128 2684379632
363 129 2684379648
363 152 2684379664
363 154 2684379680
363 155 2684379696
363 161 2684379712
363 165 2684379728
363 169 2684379744
363 208 2684379760
363 210 2684379776
363 211 2684379792
363 215 2684379808
363 236 2684379824
363 249 2684379840
363 256 2684379856
363 278 2684379872
363 280 2684379888
363 283 2684379904
363 296 2684379920
363 303 2684379936
363 314 2684379952
363 329 2684379968
363 351 2684379984
363 364 2684380000
363 365 2684380016
363 367 2684380032
363 371 2684380048
363 384 2684380064
363 422 2684380080
363 434 2684380096
363 495 2684380112
363 508 2684380128
363 518 2684380144
363 531 2684380160
363 577 2684380176
363 661 2684380192
363 664 2684380208
364 21 2684380224
364 152 2684380240
365 365 2684380256
365 451 2684380272
366 10 2684380288
366 18 2684380304
366 19 2684380320
366 20 2684380336
366 30 2684380352
366 58 2684380368
366 62 2684380384
366 63 2684380400
366 65 2684380416
366 68 2684380432
366 74 2684380448
366 78 2684380464
366 82 2684380480
366 83 2684380496
366 105 2684380512
366 107 2684380528
366 109 2684380544
366 115 2684380560
366 121 2684380576
366 131 2684380592
366 134 2684380608
366 142 2684380624
366 147 2684380640
366 152 2684380656
366 160 2684380672
366 165 2684380688
366 166 2684380704
366 169 2684380720
366 174 2684380736
366 180 2684380752
366 183 2684380768
366 184 2684380784
366 187 2684380800
366 188 2684380816
366 190 2684380832
366 215 2684380848
366 218 2684380864
366 226 2684380880
366 229 2684380896
366 230 2684380912
366 233 2684380928
366 234 2684380944
366 253 2684380960
366 255 2684380976
366 256 2684380992
366 282 2684381008
366 283 2684381024
366 285 2684381040
366 290 2684381056
366 305 2684381072
366 310 2684381088
366 311 2684381104
366 312 2684381120
366 317 2684381136
366 333 2684381152
366 356 2684381168
366 366 2684381184
366 367 2684381200
366 368 2684381216
366 372 2684381232
366 424 2684381248
366 440 2684381264
366 441 2684381280
366 443 2684381296
366 445 2684381312
366 474 2684381328
366 494 2684381344
366 512 2684381360
366 518 2684381376
366 521 2684381392
366 531 2684381408
366 596 2684381424
366 662 2684381440
366 693 2684381456
366 758 2684381472
366 812 2684381488
366 856 2684381504
366 859 2684381520
366 950 2684381536
367 16 2684381552
367 21 2684381568
367 23 2684381584
367 24 2684381600
367 28 2684381616
367 30 2684381632
367 31 2684381648
367 32 2684381664
367 35 2684381680
367 36 2684381696
367 39 2684381712
367 44 2684381728
367 62 2684381744
367 64 2684381760
367 75 2684381776
367 80 2684381792
367 81 2684381808
367 82 2684381824
367 105 2684381840
367 106 2684381856
367 107 2684381872
367 113 2684381888
367 114 2684381904
367 115 2684381920
367 116 2684381936
367 121 2684381952
367 128 2684381968
367 129 2684381984
367 133 2684382000
367 151 2684382016
367 155 2684382032
367 160 2684382048
367 165 2684382064
367 169 2684382080
367 170 2684382096
367 212 2684382112
367 245 2684382128
367 256 2684382144
367 261 2684382160
367 280 2684382176
367 318 2684382192
367 329 2684382208
367 333 2684382224
367 337 2684382240
367 338 2684382256
367 340 2684382272
367 361 2684382288
367 366 2684382304
367 367 2684382320
367 375 2684382336
367 405 2684382352
367 417 2684382368
367 419 2684382384
367 420 2684382400
367 424 2684382416
367 427 2684382432
367 434 2684382448
367 438 2684382464
367 470 2684382480
367 495 2684382496
367 531 2684382512
367 655 2684382528
367 748 2684382544
367 757 2684382560
367 892 2684382576
368 1 2684382592
368 14 2684382608
368 52 2684382624
368 83 2684382640
368 86 2684382656
368 103 2684382672
368 104 2684382688
368 112 2684382704
368 146 2684382720
368 150 2684382736
368 160 2684382752
368 181 2684382768
368 232 2684382784
368 250 2684382800
368 275 2684382816
368 295 2684382832
368 301 2684382848
368 320 2684382864
368 321 2684382880
368 366 2684382896
368 368 2684382912
368 375 2684382928
368 376 2684382944
368 377 2684382960
368 379 2684382976
368 387 2684382992
368 392 2684383008
368 393 2684383024
368 394 2684383040
368 397 2684383056
368 440 2684383072
368 537 2684383088
368 841 2684383104
368 896 2684383120
369 88 2684383136
369 89 2684383152
369 96 2684383168
369 303 2684383184
369 304 2684383200
369 630 2684383216
370 25 2684383232
370 26 2684383248
370 27 2684383264
370 33 2684383280
370 37 2684383296
370 38 2684383312
370 39 2684383328
370 40 2684383344
370 41 2684383360
370 47 2684383376
370 48 2684383392
370 85 2684383408
370 92 2684383424
370 113 2684383440
370 115 2684383456
370 116 2684383472
370 135 2684383488
370 151 2684383504
370 171 2684383520
370 226 2684383536
370 245 2684383552
370 318 2684383568
370 333 2684383584
370 339 2684383600
370 361 2684383616
370 414 2684383632
370 417 2684383648
370 423 2684383664
370 427 2684383680
370 442 2684383696
370 443 2684383712
370 455 2684383728
370 547 2684383744
370 725 2684383760
371 3 2684383776
371 13 2684383792
371 21 2684383808
371 28 2684383824
371 46 2684383840
371 51 2684383856
371 62 2684383872
371 63 2684383888
371 81 2684383904
371 87 2684383920
371 97 2684383936
371 98 2684383952
371 99 2684383968
371 100 2684383984
371 101 2684384000
371 105 2684384016
371 106 2684384032
371 114 2684384048
371 121 2684384064
371 124 2684384080
371 128 2684384096
371 129 2684384112
371 132 2684384128
371 137 2684384144
371 155 2684384160
371 160 2684384176
371 161 2684384192
371 169 2684384208
371 170 2684384224
371 174 2684384240
371 183 2684384256
371 208 2684384272
371 210 2684384288
371 211 2684384304
371 212 2684384320
371 236 2684384336
371 249 2684384352
371 256 2684384368
371 282 2684384384
371 285 2684384400
371 288 2684384416
371 303 2684384432
371 323 2684384448
371 329 2684384464
371 340 2684384480
371 351 2684384496
371 353 2684384512
371 355 2684384528
371 360 2684384544
371 363 2684384560
371 365 2684384576
371 371 2684384592
371 404 2684384608
371 405 2684384624
371 419 2684384640
371 424 2684384656
371 434 2684384672
371 473 2684384688
371 490 2684384704
371 495 2684384720
371 518 2684384736
371 640 2684384752
371 708 2684384768
371 768 2684384784
