744 1 6945767424
745 1 6945767440
746 5 6945767456
747 1 6945767472
748 2 6945767488
749 3 6945767504
750 9 6945767520
751 5 6945767536
752 8 6945767552
753 1 6945767568
754 3 6945767584
755 2 6945767600
756 8 6945767616
757 2 6945767632
758 1 6945767648
759 8 6945767664
760 7 6945767680
761 3 6945767696
762 4 6945767712
763 7 6945767728
764 1 6945767744
765 8 6945767760
766 7 6945767776
767 4 6945767792
768 1 6945767808
769 4 6945767824
770 5 6945767840
771 8 6945767856
772 5 6945767872
773 4 6945767888
774 1 6945767904
775 8 6945767920
776 3 6945767936
777 7 6945767952
778 4 6945767968
779 8 6945767984
780 1 6945768000
781 7 6945768016
782 3 6945768032
783 6 6945768048
784 3 6945768064
785 7 6945768080
786 4 6945768096
787 2 6945768112
788 5 6945768128
789 2 6945768144
790 1 6945768160
791 8 6945768176
792 2 6945768192
793 9 6945768208
794 8 6945768224
795 2 6945768240
796 8 6945768256
797 2 6945768272
798 2 6945768288
799 3 6945768304
800 7 6945768320
801 7 6945768336
802 9 6945768352
803 7 6945768368
804 3 6945768384
805 7 6945768400
