744 744 6442450944
745 74 6442450960
745 189 6442450976
745 221 6442450992
745 282 6442451008
745 745 6442451024
746 746 6442451040
747 62 6442451056
747 69 6442451072
747 80 6442451088
747 82 6442451104
747 83 6442451120
747 86 6442451136
747 105 6442451152
747 106 6442451168
747 107 6442451184
747 121 6442451200
747 142 6442451216
747 160 6442451232
747 162 6442451248
747 166 6442451264
747 184 6442451280
747 189 6442451296
747 249 6442451312
747 282 6442451328
747 301 6442451344
747 366 6442451360
747 418 6442451376
747 424 6442451392
747 473 6442451408
747 494 6442451424
747 508 6442451440
747 509 6442451456
747 513 6442451472
747 549 6442451488
747 550 6442451504
747 612 6442451520
747 615 6442451536
747 663 6442451552
747 667 6442451568
747 671 6442451584
747 710 6442451600
748 16 6442451616
748 46 6442451632
748 62 6442451648
748 105 6442451664
748 106 6442451680
748 107 6442451696
748 121 6442451712
748 129 6442451728
748 151 6442451744
748 160 6442451760
748 164 6442451776
748 173 6442451792
748 182 6442451808
748 222 6442451824
748 256 6442451840
748 283 6442451856
748 300 6442451872
748 367 6442451888
748 377 6442451904
748 405 6442451920
748 424 6442451936
748 460 6442451952
748 564 6442451968
748 708 6442451984
748 748 6442452000
748 793 6442452016
750 88 6442452032
751 6 6442452048
751 51 6442452064
751 128 6442452080
753 75 6442452096
753 119 6442452112
753 151 6442452128
753 170 6442452144
753 470 6442452160
753 753 6442452176
753 816 6442452192
753 860 6442452208
753 900 6442452224
753 914 6442452240
753 978 6442452256
754 11 6442452272
754 44 6442452288
754 62 6442452304
754 141 6442452320
754 211 6442452336
754 266 6442452352
754 293 6442452368
754 324 6442452384
754 360 6442452400
754 466 6442452416
754 555 6442452432
754 565 6442452448
754 569 6442452464
754 608 6442452480
754 661 6442452496
754 674 6442452512
754 720 6442452528
754 804 6442452544
754 950 6442452560
755 211 6442452576
756 42 6442452592
756 73 6442452608
756 74 6442452624
756 86 6442452640
756 106 6442452656
756 118 6442452672
756 142 6442452688
756 166 6442452704
756 183 6442452720
756 215 6442452736
756 223 6442452752
756 225 6442452768
756 227 6442452784
756 268 6442452800
756 311 6442452816
756 375 6442452832
756 390 6442452848
756 431 6442452864
756 459 6442452880
756 533 6442452896
756 597 6442452912
756 613 6442452928
756 614 6442452944
756 756 6442452960
757 757 6442452976
758 61 6442452992
758 758 6442453008
759 459 6442453024
760 15 6442453040
760 335 6442453056
760 546 6442453072
763 5 6442453088
763 763 6442453104
765 44 6442453120
765 86 6442453136
765 358 6442453152
765 365 6442453168
765 430 6442453184
765 499 6442453200
765 504 6442453216
765 506 6442453232
765 525 6442453248
765 720 6442453264
766 134 6442453280
766 340 6442453296
766 521 6442453312
766 766 6442453328
768 97 6442453344
768 98 6442453360
768 99 6442453376
768 100 6442453392
768 101 6442453408
768 124 6442453424
768 125 6442453440
768 323 6442453456
768 404 6442453472
768 935 6442453488
772 772 6442453504
773 405 6442453520
773 773 6442453536
776 14 6442453552
776 41 6442453568
776 94 6442453584
776 130 6442453600
776 199 6442453616
776 200 6442453632
776 201 6442453648
776 203 6442453664
776 204 6442453680
776 342 6442453696
776 391 6442453712
776 572 6442453728
776 593 6442453744
776 749 6442453760
776 776 6442453776
776 820 6442453792
776 908 6442453808
776 918 6442453824
776 936 6442453840
777 10 6442453856
777 86 6442453872
777 134 6442453888
777 173 6442453904
777 200 6442453920
777 259 6442453936
777 340 6442453952
777 419 6442453968
777 482 6442453984
777 535 6442454000
777 538 6442454016
777 554 6442454032
777 723 6442454048
777 733 6442454064
777 777 6442454080
777 862 6442454096
778 85 6442454112
778 569 6442454128
779 820 6442454144
783 16 6442454160
783 82 6442454176
783 142 6442454192
783 154 6442454208
783 420 6442454224
783 424 6442454240
783 654 6442454256
783 669 6442454272
784 784 6442454288
786 64 6442454304
786 189 6442454320
786 206 6442454336
786 407 6442454352
786 465 6442454368
786 519 6442454384
786 786 6442454400
788 717 6442454416
788 788 6442454432
789 5 6442454448
789 458 6442454464
789 835 6442454480
790 544 6442454496
791 493 6442454512
791 612 6442454528
793 206 6442454544
793 316 6442454560
793 613 6442454576
797 18 6442454592
797 231 6442454608
797 342 6442454624
797 605 6442454640
797 797 6442454656
798 798 6442454672
799 189 6442454688
799 447 6442454704
799 715 6442454720
800 185 6442454736
800 287 6442454752
800 533 6442454768
800 615 6442454784
802 129 6442454800
802 172 6442454816
802 256 6442454832
802 258 6442454848
802 365 6442454864
802 802 6442454880
803 2 6442454896
803 4 6442454912
803 54 6442454928
803 58 6442454944
803 59 6442454960
803 63 6442454976
803 193 6442454992
803 194 6442455008
803 195 6442455024
803 252 6442455040
803 412 6442455056
803 767 6442455072
803 803 6442455088
803 826 6442455104
803 990 6442455120
