620 4 5872025600
621 5 5872025616
622 7 5872025632
623 1 5872025648
624 4 5872025664
625 9 5872025680
626 5 5872025696
627 1 5872025712
628 7 5872025728
629 8 5872025744
630 9 5872025760
631 7 5872025776
632 6 5872025792
633 4 5872025808
634 8 5872025824
635 2 5872025840
636 3 5872025856
637 9 5872025872
638 5 5872025888
639 4 5872025904
640 4 5872025920
641 9 5872025936
642 5 5872025952
643 9 5872025968
644 6 5872025984
645 6 5872026000
646 8 5872026016
647 1 5872026032
648 5 5872026048
649 9 5872026064
650 7 5872026080
651 3 5872026096
652 5 5872026112
653 6 5872026128
654 9 5872026144
655 1 5872026160
656 9 5872026176
657 8 5872026192
658 4 5872026208
659 8 5872026224
660 7 5872026240
661 4 5872026256
662 9 5872026272
663 1 5872026288
664 5 5872026304
665 2 5872026320
666 5 5872026336
667 2 5872026352
668 6 5872026368
669 4 5872026384
670 6 5872026400
671 1 5872026416
672 7 5872026432
673 4 5872026448
674 1 5872026464
675 6 5872026480
676 3 5872026496
677 3 5872026512
678 7 5872026528
679 5 5872026544
680 1 5872026560
681 2 5872026576
