806 3 7482638336
807 3 7482638352
808 1 7482638368
809 2 7482638384
810 5 7482638400
811 5 7482638416
812 8 7482638432
813 1 7482638448
814 6 7482638464
815 6 7482638480
816 9 7482638496
817 4 7482638512
818 3 7482638528
819 2 7482638544
820 8 7482638560
821 8 7482638576
822 4 7482638592
823 2 7482638608
824 9 7482638624
825 5 7482638640
826 6 7482638656
827 1 7482638672
828 1 7482638688
829 9 7482638704
830 2 7482638720
831 4 7482638736
832 1 7482638752
833 1 7482638768
834 8 7482638784
835 6 7482638800
836 7 7482638816
837 6 7482638832
838 6 7482638848
839 1 7482638864
840 5 7482638880
841 8 7482638896
842 6 7482638912
843 1 7482638928
844 3 7482638944
845 8 7482638960
846 3 7482638976
847 7 7482638992
848 6 7482639008
849 1 7482639024
850 5 7482639040
851 2 7482639056
852 3 7482639072
853 4 7482639088
854 9 7482639104
855 8 7482639120
856 4 7482639136
857 2 7482639152
858 6 7482639168
859 1 7482639184
860 2 7482639200
861 2 7482639216
862 3 7482639232
863 2 7482639248
864 7 7482639264
865 7 7482639280
866 1 7482639296
867 8 7482639312
