744 7 6945767424
745 5 6945767440
746 4 6945767456
747 7 6945767472
748 1 6945767488
749 8 6945767504
750 8 6945767520
751 1 6945767536
752 3 6945767552
753 4 6945767568
754 4 6945767584
755 6 6945767600
756 5 6945767616
757 6 6945767632
758 9 6945767648
759 2 6945767664
760 4 6945767680
761 5 6945767696
762 5 6945767712
763 9 6945767728
764 9 6945767744
765 3 6945767760
766 6 6945767776
767 2 6945767792
768 6 6945767808
769 1 6945767824
770 7 6945767840
771 7 6945767856
772 4 6945767872
773 2 6945767888
774 5 6945767904
775 6 6945767920
776 5 6945767936
777 7 6945767952
778 3 6945767968
779 8 6945767984
780 6 6945768000
781 1 6945768016
782 7 6945768032
783 7 6945768048
784 8 6945768064
785 6 6945768080
786 2 6945768096
787 8 6945768112
788 1 6945768128
789 8 6945768144
790 4 6945768160
791 1 6945768176
792 7 6945768192
793 6 6945768208
794 3 6945768224
795 2 6945768240
796 9 6945768256
797 8 6945768272
798 3 6945768288
799 2 6945768304
800 6 6945768320
801 4 6945768336
802 3 6945768352
803 8 6945768368
804 3 6945768384
805 9 6945768400
