620 9 5872025600
621 3 5872025616
622 8 5872025632
623 7 5872025648
624 2 5872025664
625 2 5872025680
626 8 5872025696
627 6 5872025712
628 2 5872025728
629 3 5872025744
630 1 5872025760
631 3 5872025776
632 1 5872025792
633 1 5872025808
634 6 5872025824
635 3 5872025840
636 4 5872025856
637 4 5872025872
638 7 5872025888
639 9 5872025904
640 8 5872025920
641 7 5872025936
642 3 5872025952
643 5 5872025968
644 4 5872025984
645 1 5872026000
646 4 5872026016
647 7 5872026032
648 7 5872026048
649 8 5872026064
650 4 5872026080
651 9 5872026096
652 7 5872026112
653 4 5872026128
654 4 5872026144
655 6 5872026160
656 7 5872026176
657 9 5872026192
658 1 5872026208
659 5 5872026224
660 1 5872026240
661 7 5872026256
662 8 5872026272
663 5 5872026288
664 6 5872026304
665 8 5872026320
666 6 5872026336
667 1 5872026352
668 7 5872026368
669 4 5872026384
670 8 5872026400
671 4 5872026416
672 9 5872026432
673 9 5872026448
674 9 5872026464
675 2 5872026480
676 3 5872026496
677 8 5872026512
678 8 5872026528
679 2 5872026544
680 8 5872026560
681 2 5872026576
