310 6 3187671040
311 5 3187671056
312 5 3187671072
313 6 3187671088
314 7 3187671104
315 3 3187671120
316 2 3187671136
317 8 3187671152
318 2 3187671168
319 7 3187671184
320 6 3187671200
321 6 3187671216
322 8 3187671232
323 6 3187671248
324 9 3187671264
325 5 3187671280
326 6 3187671296
327 6 3187671312
328 4 3187671328
329 6 3187671344
330 3 3187671360
331 3 3187671376
332 8 3187671392
333 6 3187671408
334 2 3187671424
335 7 3187671440
336 1 3187671456
337 5 3187671472
338 7 3187671488
339 1 3187671504
340 1 3187671520
341 5 3187671536
342 4 3187671552
343 9 3187671568
344 7 3187671584
345 1 3187671600
346 7 3187671616
347 1 3187671632
348 6 3187671648
349 6 3187671664
350 5 3187671680
351 8 3187671696
352 1 3187671712
353 9 3187671728
354 2 3187671744
355 5 3187671760
356 5 3187671776
357 3 3187671792
358 8 3187671808
359 6 3187671824
360 4 3187671840
361 8 3187671856
362 8 3187671872
363 1 3187671888
364 7 3187671904
365 2 3187671920
366 7 3187671936
367 7 3187671952
368 3 3187671968
369 6 3187671984
370 9 3187672000
371 3 3187672016
