62 8 1040187392
63 8 1040187408
64 2 1040187424
65 3 1040187440
66 4 1040187456
67 9 1040187472
68 4 1040187488
69 8 1040187504
70 6 1040187520
71 1 1040187536
72 3 1040187552
73 9 1040187568
74 8 1040187584
75 9 1040187600
76 1 1040187616
77 6 1040187632
78 5 1040187648
79 3 1040187664
80 1 1040187680
81 1 1040187696
82 5 1040187712
83 2 1040187728
84 5 1040187744
85 4 1040187760
86 1 1040187776
87 3 1040187792
88 6 1040187808
89 4 1040187824
90 3 1040187840
91 4 1040187856
92 5 1040187872
93 2 1040187888
94 1 1040187904
95 1 1040187920
96 9 1040187936
97 8 1040187952
98 7 1040187968
99 7 1040187984
100 6 1040188000
101 2 1040188016
102 8 1040188032
103 3 1040188048
104 7 1040188064
105 8 1040188080
106 8 1040188096
107 8 1040188112
108 3 1040188128
109 6 1040188144
110 9 1040188160
111 3 1040188176
112 4 1040188192
113 8 1040188208
114 7 1040188224
115 6 1040188240
116 1 1040188256
117 1 1040188272
118 6 1040188288
119 1 1040188304
120 5 1040188320
121 2 1040188336
122 6 1040188352
123 5 1040188368
