186 7 2113929216
187 5 2113929232
188 6 2113929248
189 5 2113929264
190 2 2113929280
191 8 2113929296
192 8 2113929312
193 4 2113929328
194 3 2113929344
195 1 2113929360
196 2 2113929376
197 1 2113929392
198 2 2113929408
199 3 2113929424
200 7 2113929440
201 9 2113929456
202 5 2113929472
203 4 2113929488
204 6 2113929504
205 7 2113929520
206 8 2113929536
207 1 2113929552
208 4 2113929568
209 5 2113929584
210 5 2113929600
211 6 2113929616
212 9 2113929632
213 4 2113929648
214 9 2113929664
215 5 2113929680
216 4 2113929696
217 5 2113929712
218 7 2113929728
219 6 2113929744
220 1 2113929760
221 2 2113929776
222 3 2113929792
223 7 2113929808
224 3 2113929824
225 6 2113929840
226 3 2113929856
227 1 2113929872
228 2 2113929888
229 7 2113929904
230 7 2113929920
231 4 2113929936
232 6 2113929952
233 3 2113929968
234 6 2113929984
235 9 2113930000
236 2 2113930016
237 3 2113930032
238 3 2113930048
239 4 2113930064
240 8 2113930080
241 1 2113930096
242 2 2113930112
243 5 2113930128
244 9 2113930144
245 8 2113930160
246 8 2113930176
247 3 2113930192
