496 3 4798283776
497 6 4798283792
498 8 4798283808
499 6 4798283824
500 5 4798283840
501 8 4798283856
502 5 4798283872
503 3 4798283888
504 9 4798283904
505 5 4798283920
506 5 4798283936
507 5 4798283952
508 9 4798283968
509 6 4798283984
510 6 4798284000
511 5 4798284016
512 4 4798284032
513 9 4798284048
514 8 4798284064
515 5 4798284080
516 6 4798284096
517 5 4798284112
518 5 4798284128
519 2 4798284144
520 4 4798284160
521 5 4798284176
522 8 4798284192
523 4 4798284208
524 3 4798284224
525 7 4798284240
526 8 4798284256
527 5 4798284272
528 8 4798284288
529 5 4798284304
530 8 4798284320
531 3 4798284336
532 6 4798284352
533 3 4798284368
534 5 4798284384
535 7 4798284400
536 2 4798284416
537 9 4798284432
538 8 4798284448
539 9 4798284464
540 1 4798284480
541 1 4798284496
542 3 4798284512
543 7 4798284528
544 4 4798284544
545 7 4798284560
546 2 4798284576
547 4 4798284592
548 9 4798284608
549 7 4798284624
550 1 4798284640
551 9 4798284656
552 2 4798284672
553 3 4798284688
554 9 4798284704
555 5 4798284720
556 5 4798284736
557 5 4798284752
