248 6 2650800128
249 5 2650800144
250 4 2650800160
251 9 2650800176
252 3 2650800192
253 8 2650800208
254 3 2650800224
255 9 2650800240
256 2 2650800256
257 6 2650800272
258 2 2650800288
259 8 2650800304
260 3 2650800320
261 7 2650800336
262 5 2650800352
263 2 2650800368
264 7 2650800384
265 9 2650800400
266 7 2650800416
267 2 2650800432
268 8 2650800448
269 9 2650800464
270 4 2650800480
271 4 2650800496
272 3 2650800512
273 7 2650800528
274 5 2650800544
275 6 2650800560
276 8 2650800576
277 7 2650800592
278 3 2650800608
279 4 2650800624
280 7 2650800640
281 9 2650800656
282 7 2650800672
283 4 2650800688
284 8 2650800704
285 8 2650800720
286 7 2650800736
287 7 2650800752
288 4 2650800768
289 3 2650800784
290 2 2650800800
291 3 2650800816
292 2 2650800832
293 5 2650800848
294 8 2650800864
295 2 2650800880
296 8 2650800896
297 4 2650800912
298 8 2650800928
299 1 2650800944
300 5 2650800960
301 2 2650800976
302 4 2650800992
303 1 2650801008
304 9 2650801024
305 5 2650801040
306 5 2650801056
307 6 2650801072
308 5 2650801088
309 6 2650801104
