930 6 8556380160
931 2 8556380176
932 1 8556380192
933 8 8556380208
934 4 8556380224
935 9 8556380240
936 6 8556380256
937 7 8556380272
938 9 8556380288
939 8 8556380304
940 8 8556380320
941 3 8556380336
942 9 8556380352
943 9 8556380368
944 5 8556380384
945 1 8556380400
946 3 8556380416
947 9 8556380432
948 1 8556380448
949 2 8556380464
950 1 8556380480
951 8 8556380496
952 5 8556380512
953 8 8556380528
954 9 8556380544
955 7 8556380560
956 3 8556380576
957 6 8556380592
958 4 8556380608
959 2 8556380624
960 9 8556380640
961 3 8556380656
962 2 8556380672
963 7 8556380688
964 1 8556380704
965 3 8556380720
966 7 8556380736
967 9 8556380752
968 3 8556380768
969 5 8556380784
970 9 8556380800
971 9 8556380816
972 9 8556380832
973 6 8556380848
974 6 8556380864
975 3 8556380880
976 7 8556380896
977 2 8556380912
978 8 8556380928
979 9 8556380944
980 9 8556380960
981 7 8556380976
982 9 8556380992
983 8 8556381008
984 6 8556381024
985 2 8556381040
986 2 8556381056
987 2 8556381072
988 9 8556381088
989 7 8556381104
990 6 8556381120
991 2 8556381136
992 2 8556381152
993 1 8556381168
994 2 8556381184
995 6 8556381200
996 1 8556381216
997 5 8556381232
998 6 8556381248
999 5 8556381264
1000 7 8556381280
1001 5 8556381296
1002 5 8556381312
1003 6 8556381328
