372 1 3724541952
373 9 3724541968
374 2 3724541984
375 4 3724542000
376 2 3724542016
377 2 3724542032
378 5 3724542048
379 6 3724542064
380 3 3724542080
381 3 3724542096
382 7 3724542112
383 2 3724542128
384 5 3724542144
385 2 3724542160
386 6 3724542176
387 3 3724542192
388 4 3724542208
389 5 3724542224
390 7 3724542240
391 5 3724542256
392 3 3724542272
393 9 3724542288
394 2 3724542304
395 1 3724542320
396 7 3724542336
397 7 3724542352
398 5 3724542368
399 1 3724542384
400 9 3724542400
401 1 3724542416
402 9 3724542432
403 9 3724542448
404 1 3724542464
405 4 3724542480
406 2 3724542496
407 7 3724542512
408 7 3724542528
409 6 3724542544
410 7 3724542560
411 3 3724542576
412 2 3724542592
413 3 3724542608
414 1 3724542624
415 8 3724542640
416 2 3724542656
417 5 3724542672
418 6 3724542688
419 4 3724542704
420 8 3724542720
421 6 3724542736
422 2 3724542752
423 9 3724542768
424 2 3724542784
425 4 3724542800
426 8 3724542816
427 4 3724542832
428 5 3724542848
429 3 3724542864
430 7 3724542880
431 7 3724542896
432 8 3724542912
433 8 3724542928
