868 5 8019509248
869 2 8019509264
870 5 8019509280
871 6 8019509296
872 5 8019509312
873 2 8019509328
874 3 8019509344
875 1 8019509360
876 5 8019509376
877 5 8019509392
878 3 8019509408
879 5 8019509424
880 1 8019509440
881 5 8019509456
882 6 8019509472
883 2 8019509488
884 6 8019509504
885 2 8019509520
886 3 8019509536
887 9 8019509552
888 8 8019509568
889 6 8019509584
890 5 8019509600
891 4 8019509616
892 9 8019509632
893 9 8019509648
894 3 8019509664
895 3 8019509680
896 2 8019509696
897 4 8019509712
898 8 8019509728
899 5 8019509744
900 1 8019509760
901 5 8019509776
902 8 8019509792
903 7 8019509808
904 1 8019509824
905 8 8019509840
906 7 8019509856
907 2 8019509872
908 5 8019509888
909 2 8019509904
910 4 8019509920
911 7 8019509936
912 9 8019509952
913 1 8019509968
914 4 8019509984
915 7 8019510000
916 1 8019510016
917 9 8019510032
918 2 8019510048
919 4 8019510064
920 6 8019510080
921 9 8019510096
922 7 8019510112
923 4 8019510128
924 9 8019510144
925 4 8019510160
926 8 8019510176
927 5 8019510192
928 1 8019510208
929 1 8019510224
