0 2 503316480
1 8 503316496
2 1 503316512
3 3 503316528
4 5 503316544
5 6 503316560
6 9 503316576
7 7 503316592
8 5 503316608
9 9 503316624
10 6 503316640
11 8 503316656
12 7 503316672
13 6 503316688
14 3 503316704
15 5 503316720
16 3 503316736
17 2 503316752
18 2 503316768
19 9 503316784
20 3 503316800
21 5 503316816
22 3 503316832
23 6 503316848
24 9 503316864
25 5 503316880
26 6 503316896
27 2 503316912
28 7 503316928
29 8 503316944
30 8 503316960
31 8 503316976
32 1 503316992
33 6 503317008
34 3 503317024
35 3 503317040
36 3 503317056
37 7 503317072
38 1 503317088
39 9 503317104
40 8 503317120
41 7 503317136
42 7 503317152
43 8 503317168
44 7 503317184
45 6 503317200
46 1 503317216
47 8 503317232
48 6 503317248
49 2 503317264
50 3 503317280
51 9 503317296
52 1 503317312
53 9 503317328
54 6 503317344
55 3 503317360
56 4 503317376
57 6 503317392
58 4 503317408
59 1 503317424
60 2 503317440
61 1 503317456
