558 9 5335154688
559 9 5335154704
560 8 5335154720
561 3 5335154736
562 7 5335154752
563 3 5335154768
564 7 5335154784
565 2 5335154800
566 3 5335154816
567 8 5335154832
568 6 5335154848
569 5 5335154864
570 2 5335154880
571 9 5335154896
572 5 5335154912
573 3 5335154928
574 6 5335154944
575 9 5335154960
576 7 5335154976
577 1 5335154992
578 9 5335155008
579 8 5335155024
580 1 5335155040
581 9 5335155056
582 4 5335155072
583 5 5335155088
584 3 5335155104
585 8 5335155120
586 8 5335155136
587 8 5335155152
588 8 5335155168
589 2 5335155184
590 1 5335155200
591 2 5335155216
592 3 5335155232
593 2 5335155248
594 6 5335155264
595 9 5335155280
596 1 5335155296
597 9 5335155312
598 2 5335155328
599 6 5335155344
600 9 5335155360
601 6 5335155376
602 3 5335155392
603 8 5335155408
604 6 5335155424
605 7 5335155440
606 1 5335155456
607 9 5335155472
608 7 5335155488
609 3 5335155504
610 7 5335155520
611 2 5335155536
612 1 5335155552
613 2 5335155568
614 1 5335155584
615 9 5335155600
616 2 5335155616
617 6 5335155632
618 4 5335155648
619 7 5335155664
