434 8 4261412864
435 5 4261412880
436 1 4261412896
437 2 4261412912
438 5 4261412928
439 1 4261412944
440 5 4261412960
441 5 4261412976
442 9 4261412992
443 5 4261413008
444 4 4261413024
445 5 4261413040
446 7 4261413056
447 2 4261413072
448 3 4261413088
449 9 4261413104
450 3 4261413120
451 3 4261413136
452 5 4261413152
453 1 4261413168
454 9 4261413184
455 2 4261413200
456 9 4261413216
457 4 4261413232
458 2 4261413248
459 1 4261413264
460 4 4261413280
461 8 4261413296
462 3 4261413312
463 8 4261413328
464 5 4261413344
465 2 4261413360
466 3 4261413376
467 1 4261413392
468 7 4261413408
469 9 4261413424
470 3 4261413440
471 9 4261413456
472 5 4261413472
473 8 4261413488
474 3 4261413504
475 5 4261413520
476 9 4261413536
477 3 4261413552
478 7 4261413568
479 8 4261413584
480 1 4261413600
481 7 4261413616
482 6 4261413632
483 5 4261413648
484 7 4261413664
485 1 4261413680
486 7 4261413696
487 6 4261413712
488 1 4261413728
489 6 4261413744
490 2 4261413760
491 1 4261413776
492 4 4261413792
493 3 4261413808
494 3 4261413824
495 3 4261413840
