682 9 6408896512
683 3 6408896528
684 6 6408896544
685 8 6408896560
686 4 6408896576
687 7 6408896592
688 5 6408896608
689 5 6408896624
690 7 6408896640
691 7 6408896656
692 8 6408896672
693 7 6408896688
694 3 6408896704
695 8 6408896720
696 3 6408896736
697 3 6408896752
698 7 6408896768
699 3 6408896784
700 8 6408896800
701 4 6408896816
702 4 6408896832
703 8 6408896848
704 3 6408896864
705 9 6408896880
706 8 6408896896
707 4 6408896912
708 6 6408896928
709 3 6408896944
710 8 6408896960
711 9 6408896976
712 1 6408896992
713 3 6408897008
714 2 6408897024
715 6 6408897040
716 1 6408897056
717 4 6408897072
718 6 6408897088
719 6 6408897104
720 2 6408897120
721 1 6408897136
722 3 6408897152
723 6 6408897168
724 5 6408897184
725 7 6408897200
726 7 6408897216
727 2 6408897232
728 4 6408897248
729 7 6408897264
730 8 6408897280
731 1 6408897296
732 4 6408897312
733 1 6408897328
734 4 6408897344
735 8 6408897360
736 6 6408897376
737 1 6408897392
738 7 6408897408
739 4 6408897424
740 3 6408897440
741 8 6408897456
742 7 6408897472
743 8 6408897488
