124 3 1577058304
125 3 1577058320
126 4 1577058336
127 3 1577058352
128 8 1577058368
129 3 1577058384
130 8 1577058400
131 9 1577058416
132 3 1577058432
133 3 1577058448
134 5 1577058464
135 9 1577058480
136 3 1577058496
137 3 1577058512
138 8 1577058528
139 8 1577058544
140 8 1577058560
141 1 1577058576
142 8 1577058592
143 5 1577058608
144 3 1577058624
145 2 1577058640
146 5 1577058656
147 6 1577058672
148 5 1577058688
149 9 1577058704
150 5 1577058720
151 3 1577058736
152 7 1577058752
153 3 1577058768
154 3 1577058784
155 3 1577058800
156 9 1577058816
157 6 1577058832
158 1 1577058848
159 4 1577058864
160 8 1577058880
161 6 1577058896
162 7 1577058912
163 9 1577058928
164 9 1577058944
165 9 1577058960
166 7 1577058976
167 7 1577058992
168 3 1577059008
169 9 1577059024
170 7 1577059040
171 8 1577059056
172 1 1577059072
173 5 1577059088
174 4 1577059104
175 6 1577059120
176 1 1577059136
177 5 1577059152
178 2 1577059168
179 7 1577059184
180 9 1577059200
181 5 1577059216
182 3 1577059232
183 9 1577059248
184 2 1577059264
185 5 1577059280
